&[
    &[0, 0, 0, 0, 29, 34, 0, 0, 0],
    &[0, 0, 0, 13, 181, 184, 21, 0, 0],
    &[0, 0, 1, 147, 34, 27, 153, 4, 0],
    &[0, 0, 0, 0, 15, 26, 4, 0, 0],
    &[0, 0, 47, 186, 176, 160, 192, 107, 0],
    &[0, 30, 206, 32, 0, 0, 0, 3, 0],
    &[0, 153, 76, 0, 0, 0, 0, 0, 0],
    &[0, 214, 2, 0, 0, 0, 0, 0, 0],
    &[4, 210, 0, 0, 0, 0, 0, 0, 0],
    &[4, 209, 0, 0, 0, 0, 0, 0, 0],
    &[0, 215, 2, 0, 0, 0, 0, 0, 0],
    &[0, 163, 64, 0, 0, 0, 0, 0, 0],
    &[0, 42, 204, 24, 0, 0, 0, 1, 0],
    &[0, 0, 64, 200, 179, 168, 195, 76, 0],
    &[0, 0, 0, 0, 16, 26, 3, 0, 0],
    &[0, 0, 0, 0, 0, 0, 0, 0, 0],
    &[0, 0, 0, 0, 0, 0, 0, 0, 0],
    &[0, 0, 0, 0, 0, 0, 0, 0, 0],
    &[0, 0, 0, 0, 0, 0, 0, 0, 0],
    &[0, 0, 0, 0, 0, 0, 0, 0, 0],
]