&[
    &[0, 0, 0, 0, 92, 255, 255, 152, 4, 0, 57, 229, 255, 214, 13, 0, 0, 0, 0],
    &[0, 0, 0, 0, 0, 136, 255, 255, 173, 73, 245, 255, 240, 36, 0, 0, 0, 0, 0],
    &[0, 0, 0, 0, 0, 4, 195, 255, 255, 255, 255, 255, 83, 0, 0, 0, 0, 0, 0],
    &[0, 0, 0, 0, 0, 0, 35, 245, 255, 255, 255, 161, 0, 0, 0, 0, 0, 0, 0],
    &[0, 0, 0, 0, 0, 0, 0, 19, 26, 26, 26, 6, 0, 0, 0, 0, 0, 0, 0],
    &[0, 0, 0, 59, 71, 71, 71, 71, 71, 71, 71, 71, 71, 71, 71, 22, 0, 0, 0],
    &[0, 0, 0, 214, 255, 255, 255, 255, 255, 255, 255, 255, 255, 255, 255, 79, 0, 0, 0],
    &[0, 0, 0, 214, 255, 255, 255, 255, 255, 255, 255, 255, 255, 255, 255, 79, 0, 0, 0],
    &[0, 0, 0, 214, 255, 255, 255, 255, 255, 255, 255, 255, 255, 255, 255, 79, 0, 0, 0],
    &[0, 0, 0, 214, 255, 255, 242, 24, 24, 24, 24, 24, 24, 24, 24, 7, 0, 0, 0],
    &[0, 0, 0, 214, 255, 255, 240, 0, 0, 0, 0, 0, 0, 0, 0, 0, 0, 0, 0],
    &[0, 0, 0, 214, 255, 255, 240, 0, 0, 0, 0, 0, 0, 0, 0, 0, 0, 0, 0],
    &[0, 0, 0, 214, 255, 255, 240, 0, 0, 0, 0, 0, 0, 0, 0, 0, 0, 0, 0],
    &[0, 0, 0, 214, 255, 255, 251, 176, 176, 176, 176, 176, 176, 176, 160, 0, 0, 0, 0],
    &[0, 0, 0, 214, 255, 255, 255, 255, 255, 255, 255, 255, 255, 255, 231, 0, 0, 0, 0],
    &[0, 0, 0, 214, 255, 255, 255, 255, 255, 255, 255, 255, 255, 255, 231, 0, 0, 0, 0],
    &[0, 0, 0, 214, 255, 255, 251, 175, 175, 175, 175, 175, 175, 175, 158, 0, 0, 0, 0],
    &[0, 0, 0, 214, 255, 255, 240, 0, 0, 0, 0, 0, 0, 0, 0, 0, 0, 0, 0],
    &[0, 0, 0, 214, 255, 255, 240, 0, 0, 0, 0, 0, 0, 0, 0, 0, 0, 0, 0],
    &[0, 0, 0, 214, 255, 255, 240, 0, 0, 0, 0, 0, 0, 0, 0, 0, 0, 0, 0],
    &[0, 0, 0, 214, 255, 255, 240, 0, 0, 0, 0, 0, 0, 0, 0, 0, 0, 0, 0],
    &[0, 0, 0, 214, 255, 255, 246, 95, 95, 95, 95, 95, 95, 95, 95, 29, 0, 0, 0],
    &[0, 0, 0, 214, 255, 255, 255, 255, 255, 255, 255, 255, 255, 255, 255, 79, 0, 0, 0],
    &[0, 0, 0, 214, 255, 255, 255, 255, 255, 255, 255, 255, 255, 255, 255, 79, 0, 0, 0],
    &[0, 0, 0, 214, 255, 255, 255, 255, 255, 255, 255, 255, 255, 255, 255, 79, 0, 0, 0],
    &[0, 0, 0, 0, 0, 0, 0, 0, 0, 0, 0, 0, 0, 0, 0, 0, 0, 0, 0],
    &[0, 0, 0, 0, 0, 0, 0, 0, 0, 0, 0, 0, 0, 0, 0, 0, 0, 0, 0],
    &[0, 0, 0, 0, 0, 0, 0, 0, 0, 0, 0, 0, 0, 0, 0, 0, 0, 0, 0],
    &[0, 0, 0, 0, 0, 0, 0, 0, 0, 0, 0, 0, 0, 0, 0, 0, 0, 0, 0],
    &[0, 0, 0, 0, 0, 0, 0, 0, 0, 0, 0, 0, 0, 0, 0, 0, 0, 0, 0],
    &[0, 0, 0, 0, 0, 0, 0, 0, 0, 0, 0, 0, 0, 0, 0, 0, 0, 0, 0],
    &[0, 0, 0, 0, 37, 55, 47, 0, 0, 0, 0, 19, 55, 55, 11, 0, 0, 0, 0],
]