&[
    &[0, 0, 62, 205, 68, 0, 0, 142, 190, 0, 0, 0],
    &[0, 0, 26, 247, 234, 145, 175, 254, 172, 0, 0, 0],
    &[0, 0, 0, 95, 244, 255, 255, 203, 26, 0, 0, 0],
    &[0, 0, 0, 0, 17, 61, 44, 2, 0, 0, 0, 0],
    &[0, 69, 144, 144, 144, 144, 144, 144, 144, 144, 10, 0],
    &[0, 122, 255, 255, 255, 255, 255, 255, 255, 255, 17, 0],
    &[0, 122, 255, 255, 215, 207, 207, 207, 207, 207, 14, 0],
    &[0, 122, 255, 255, 46, 0, 0, 0, 0, 0, 0, 0],
    &[0, 122, 255, 255, 46, 0, 0, 0, 0, 0, 0, 0],
    &[0, 122, 255, 255, 93, 58, 58, 58, 58, 45, 0, 0],
    &[0, 122, 255, 255, 255, 255, 255, 255, 255, 200, 0, 0],
    &[0, 122, 255, 255, 255, 255, 255, 255, 255, 200, 0, 0],
    &[0, 122, 255, 255, 77, 37, 37, 37, 37, 29, 0, 0],
    &[0, 122, 255, 255, 46, 0, 0, 0, 0, 0, 0, 0],
    &[0, 122, 255, 255, 46, 0, 0, 0, 0, 0, 0, 0],
    &[0, 122, 255, 255, 124, 95, 95, 95, 95, 95, 6, 0],
    &[0, 122, 255, 255, 255, 255, 255, 255, 255, 255, 17, 0],
    &[0, 122, 255, 255, 255, 255, 255, 255, 255, 255, 17, 0],
    &[0, 0, 0, 0, 0, 0, 0, 0, 0, 0, 0, 0],
    &[0, 0, 0, 0, 0, 0, 0, 0, 0, 0, 0, 0],
    &[0, 0, 0, 0, 0, 0, 0, 0, 0, 0, 0, 0],
    &[0, 0, 0, 0, 0, 0, 0, 0, 0, 0, 0, 0],
]