&[
    &[0, 0, 0, 0, 0, 0, 0, 0, 0, 0, 0, 0, 0],
    &[0, 0, 0, 131, 171, 171, 171, 171, 171, 102, 0, 0, 0],
    &[0, 0, 0, 196, 255, 255, 255, 255, 255, 152, 0, 0, 0],
    &[0, 0, 0, 80, 104, 104, 104, 104, 104, 62, 0, 0, 0],
    &[0, 0, 0, 0, 0, 0, 0, 0, 0, 0, 0, 0, 0],
    &[0, 81, 254, 254, 254, 254, 254, 254, 254, 254, 254, 33, 0],
    &[0, 81, 255, 255, 255, 255, 255, 255, 255, 255, 255, 33, 0],
    &[0, 81, 255, 255, 220, 161, 161, 161, 161, 161, 161, 20, 0],
    &[0, 81, 255, 255, 158, 0, 0, 0, 0, 0, 0, 0, 0],
    &[0, 81, 255, 255, 158, 0, 0, 0, 0, 0, 0, 0, 0],
    &[0, 81, 255, 255, 167, 23, 23, 23, 23, 23, 19, 0, 0],
    &[0, 81, 255, 255, 255, 255, 255, 255, 255, 255, 208, 0, 0],
    &[0, 81, 255, 255, 255, 255, 255, 255, 255, 255, 208, 0, 0],
    &[0, 81, 255, 255, 210, 136, 136, 136, 136, 136, 110, 0, 0],
    &[0, 81, 255, 255, 158, 0, 0, 0, 0, 0, 0, 0, 0],
    &[0, 81, 255, 255, 158, 0, 0, 0, 0, 0, 0, 0, 0],
    &[0, 81, 255, 255, 158, 0, 0, 0, 0, 0, 0, 0, 0],
    &[0, 81, 255, 255, 219, 159, 159, 159, 159, 159, 159, 20, 0],
    &[0, 81, 255, 255, 255, 255, 255, 255, 255, 255, 255, 33, 0],
    &[0, 81, 255, 255, 255, 255, 255, 255, 255, 255, 255, 33, 0],
    &[0, 0, 0, 0, 0, 0, 0, 0, 0, 0, 0, 0, 0],
    &[0, 0, 0, 0, 0, 0, 0, 0, 0, 0, 0, 0, 0],
    &[0, 0, 0, 0, 0, 0, 0, 0, 0, 0, 0, 0, 0],
    &[0, 0, 0, 0, 0, 0, 0, 0, 0, 0, 0, 0, 0],
]