&[
    &[0, 0, 0, 0, 12, 0, 0, 0, 0],
    &[0, 0, 0, 123, 247, 14, 0, 0, 0],
    &[0, 0, 0, 52, 134, 1, 0, 0, 0],
    &[0, 0, 0, 0, 0, 0, 0, 0, 0],
    &[0, 170, 254, 254, 254, 254, 254, 53, 0],
    &[0, 171, 163, 31, 31, 31, 31, 6, 0],
    &[0, 171, 150, 0, 0, 0, 0, 0, 0],
    &[0, 171, 150, 0, 0, 0, 0, 0, 0],
    &[0, 171, 233, 200, 200, 200, 188, 0, 0],
    &[0, 171, 186, 86, 86, 86, 81, 0, 0],
    &[0, 171, 150, 0, 0, 0, 0, 0, 0],
    &[0, 171, 150, 0, 0, 0, 0, 0, 0],
    &[0, 171, 163, 30, 30, 30, 30, 6, 0],
    &[0, 171, 255, 255, 255, 255, 255, 53, 0],
    &[0, 0, 0, 0, 0, 0, 0, 0, 0],
    &[0, 0, 0, 0, 0, 0, 0, 0, 0],
    &[0, 0, 0, 0, 0, 0, 0, 0, 0],
    &[0, 0, 0, 0, 0, 0, 0, 0, 0],
    &[0, 0, 0, 0, 0, 0, 0, 0, 0],
    &[0, 0, 0, 0, 0, 0, 0, 0, 0],
]