&[
    &[0, 0, 0, 0, 0, 0, 0],
    &[0, 0, 0, 0, 0, 0, 0],
    &[0, 0, 69, 109, 27, 0, 0],
    &[0, 47, 235, 176, 191, 3, 0],
    &[0, 56, 57, 2, 73, 24, 0],
    &[2, 173, 255, 230, 154, 254, 0],
    &[79, 255, 152, 72, 227, 254, 0],
    &[128, 255, 28, 0, 144, 254, 0],
    &[128, 255, 29, 0, 136, 254, 0],
    &[77, 255, 155, 70, 222, 254, 0],
    &[2, 167, 254, 229, 196, 254, 0],
    &[4, 4, 12, 1, 182, 239, 0],
    &[36, 237, 189, 201, 255, 148, 0],
    &[13, 131, 170, 163, 100, 3, 0],
    &[0, 0, 0, 0, 0, 0, 0],
    &[0, 0, 0, 0, 0, 0, 0],
]