&[
    &[0, 0, 0, 0, 0, 0, 0, 0, 0, 0, 0, 0, 0],
    &[0, 0, 0, 0, 0, 0, 0, 0, 0, 0, 0, 0, 0],
    &[0, 0, 0, 0, 0, 0, 0, 0, 0, 0, 0, 0, 0],
    &[0, 0, 0, 0, 0, 0, 0, 0, 0, 0, 0, 0, 0],
    &[0, 0, 0, 0, 0, 0, 0, 0, 0, 0, 0, 0, 0],
    &[0, 81, 254, 254, 254, 254, 254, 254, 254, 254, 254, 33, 0],
    &[0, 81, 255, 255, 255, 255, 255, 255, 255, 255, 255, 33, 0],
    &[0, 81, 255, 255, 220, 161, 161, 161, 161, 161, 161, 20, 0],
    &[0, 81, 255, 255, 158, 0, 0, 0, 0, 0, 0, 0, 0],
    &[0, 81, 255, 255, 158, 0, 0, 0, 0, 0, 0, 0, 0],
    &[0, 81, 255, 255, 167, 23, 23, 23, 23, 23, 19, 0, 0],
    &[0, 81, 255, 255, 255, 255, 255, 255, 255, 255, 208, 0, 0],
    &[0, 81, 255, 255, 255, 255, 255, 255, 255, 255, 208, 0, 0],
    &[0, 81, 255, 255, 210, 136, 136, 136, 136, 136, 110, 0, 0],
    &[0, 81, 255, 255, 158, 0, 0, 0, 0, 0, 0, 0, 0],
    &[0, 81, 255, 255, 158, 0, 0, 0, 0, 0, 0, 0, 0],
    &[0, 81, 255, 255, 158, 0, 0, 0, 0, 0, 0, 0, 0],
    &[0, 81, 255, 255, 219, 159, 159, 159, 159, 159, 159, 20, 0],
    &[0, 81, 255, 255, 255, 255, 255, 255, 255, 255, 255, 33, 0],
    &[0, 81, 255, 255, 255, 255, 255, 255, 255, 255, 255, 33, 0],
    &[0, 0, 0, 0, 0, 0, 0, 92, 251, 153, 0, 0, 0],
    &[0, 0, 0, 0, 0, 0, 30, 246, 233, 5, 0, 0, 0],
    &[0, 0, 0, 0, 0, 0, 97, 255, 206, 2, 1, 0, 0],
    &[0, 0, 0, 0, 0, 0, 0, 134, 230, 239, 101, 0, 0],
]