&[
    &[0, 0, 0, 31, 255, 255, 67, 0, 0, 0, 181, 255, 163, 0, 0, 0, 0],
    &[0, 0, 0, 0, 226, 255, 244, 151, 127, 189, 255, 255, 96, 0, 0, 0, 0],
    &[0, 0, 0, 0, 74, 255, 255, 255, 255, 255, 255, 189, 1, 0, 0, 0, 0],
    &[0, 0, 0, 0, 0, 63, 200, 248, 255, 227, 130, 7, 0, 0, 0, 0, 0],
    &[0, 0, 0, 0, 0, 0, 0, 3, 12, 0, 0, 0, 0, 0, 0, 0, 0],
    &[0, 0, 59, 71, 71, 71, 71, 71, 71, 71, 71, 71, 71, 71, 22, 0, 0],
    &[0, 0, 214, 255, 255, 255, 255, 255, 255, 255, 255, 255, 255, 255, 79, 0, 0],
    &[0, 0, 214, 255, 255, 255, 255, 255, 255, 255, 255, 255, 255, 255, 79, 0, 0],
    &[0, 0, 214, 255, 255, 255, 255, 255, 255, 255, 255, 255, 255, 255, 79, 0, 0],
    &[0, 0, 214, 255, 255, 242, 24, 24, 24, 24, 24, 24, 24, 24, 7, 0, 0],
    &[0, 0, 214, 255, 255, 240, 0, 0, 0, 0, 0, 0, 0, 0, 0, 0, 0],
    &[0, 0, 214, 255, 255, 240, 0, 0, 0, 0, 0, 0, 0, 0, 0, 0, 0],
    &[0, 0, 214, 255, 255, 240, 0, 0, 0, 0, 0, 0, 0, 0, 0, 0, 0],
    &[0, 0, 214, 255, 255, 251, 176, 176, 176, 176, 176, 176, 176, 160, 0, 0, 0],
    &[0, 0, 214, 255, 255, 255, 255, 255, 255, 255, 255, 255, 255, 231, 0, 0, 0],
    &[0, 0, 214, 255, 255, 255, 255, 255, 255, 255, 255, 255, 255, 231, 0, 0, 0],
    &[0, 0, 214, 255, 255, 251, 175, 175, 175, 175, 175, 175, 175, 158, 0, 0, 0],
    &[0, 0, 214, 255, 255, 240, 0, 0, 0, 0, 0, 0, 0, 0, 0, 0, 0],
    &[0, 0, 214, 255, 255, 240, 0, 0, 0, 0, 0, 0, 0, 0, 0, 0, 0],
    &[0, 0, 214, 255, 255, 240, 0, 0, 0, 0, 0, 0, 0, 0, 0, 0, 0],
    &[0, 0, 214, 255, 255, 240, 0, 0, 0, 0, 0, 0, 0, 0, 0, 0, 0],
    &[0, 0, 214, 255, 255, 246, 95, 95, 95, 95, 95, 95, 95, 95, 29, 0, 0],
    &[0, 0, 214, 255, 255, 255, 255, 255, 255, 255, 255, 255, 255, 255, 79, 0, 0],
    &[0, 0, 214, 255, 255, 255, 255, 255, 255, 255, 255, 255, 255, 255, 79, 0, 0],
    &[0, 0, 214, 255, 255, 255, 255, 255, 255, 255, 255, 255, 255, 255, 79, 0, 0],
    &[0, 0, 0, 0, 0, 0, 0, 0, 0, 0, 0, 0, 0, 0, 0, 0, 0],
    &[0, 0, 0, 0, 0, 0, 0, 0, 0, 0, 0, 0, 0, 0, 0, 0, 0],
    &[0, 0, 0, 0, 0, 0, 0, 0, 0, 0, 0, 0, 0, 0, 0, 0, 0],
    &[0, 0, 0, 0, 0, 0, 0, 0, 0, 0, 0, 0, 0, 0, 0, 0, 0],
    &[0, 0, 0, 0, 0, 0, 0, 0, 0, 0, 0, 0, 0, 0, 0, 0, 0],
    &[0, 0, 0, 0, 0, 0, 0, 0, 0, 0, 0, 0, 0, 0, 0, 0, 0],
    &[0, 0, 0, 18, 76, 76, 1, 0, 0, 0, 37, 76, 58, 0, 0, 0, 0],
]