&[
    &[0, 0, 0, 0, 0, 0, 0, 0, 0, 0, 0, 0, 0, 0],
    &[0, 0, 0, 15, 23, 0, 0, 0, 0, 22, 17, 0, 0, 0],
    &[0, 0, 0, 107, 249, 30, 0, 0, 17, 242, 121, 0, 0, 0],
    &[0, 0, 0, 23, 234, 232, 142, 151, 224, 239, 30, 0, 0, 0],
    &[0, 0, 0, 0, 42, 177, 230, 227, 176, 44, 0, 0, 0, 0],
    &[0, 0, 0, 0, 0, 0, 0, 0, 0, 0, 0, 0, 0, 0],
    &[0, 0, 88, 107, 107, 107, 107, 107, 107, 107, 107, 91, 0, 0],
    &[0, 0, 208, 255, 255, 255, 255, 255, 255, 255, 255, 216, 0, 0],
    &[0, 0, 208, 255, 144, 106, 106, 106, 106, 106, 106, 90, 0, 0],
    &[0, 0, 208, 255, 65, 0, 0, 0, 0, 0, 0, 0, 0, 0],
    &[0, 0, 208, 255, 65, 0, 0, 0, 0, 0, 0, 0, 0, 0],
    &[0, 0, 208, 255, 65, 0, 0, 0, 0, 0, 0, 0, 0, 0],
    &[0, 0, 208, 255, 65, 0, 0, 0, 0, 0, 0, 0, 0, 0],
    &[0, 0, 208, 255, 160, 127, 127, 127, 127, 127, 127, 52, 0, 0],
    &[0, 0, 208, 255, 255, 255, 255, 255, 255, 255, 255, 104, 0, 0],
    &[0, 0, 208, 255, 130, 87, 87, 87, 87, 87, 87, 35, 0, 0],
    &[0, 0, 208, 255, 65, 0, 0, 0, 0, 0, 0, 0, 0, 0],
    &[0, 0, 208, 255, 65, 0, 0, 0, 0, 0, 0, 0, 0, 0],
    &[0, 0, 208, 255, 65, 0, 0, 0, 0, 0, 0, 0, 0, 0],
    &[0, 0, 208, 255, 65, 0, 0, 0, 0, 0, 0, 0, 0, 0],
    &[0, 0, 208, 255, 65, 0, 0, 0, 0, 0, 0, 0, 0, 0],
    &[0, 0, 208, 255, 225, 214, 214, 214, 214, 214, 214, 181, 0, 0],
    &[0, 0, 208, 255, 255, 255, 255, 255, 255, 255, 255, 216, 0, 0],
    &[0, 0, 0, 0, 0, 0, 0, 0, 0, 0, 0, 0, 0, 0],
    &[0, 0, 0, 0, 0, 0, 0, 0, 0, 0, 0, 0, 0, 0],
    &[0, 0, 0, 0, 0, 0, 0, 0, 0, 0, 0, 0, 0, 0],
    &[0, 0, 0, 0, 0, 0, 0, 0, 0, 0, 0, 0, 0, 0],
    &[0, 0, 0, 0, 0, 0, 0, 0, 0, 0, 0, 0, 0, 0],
    &[0, 0, 0, 0, 0, 0, 0, 0, 0, 0, 0, 0, 0, 0],
    &[0, 0, 0, 0, 0, 0, 0, 0, 0, 0, 0, 0, 0, 0],
    &[0, 0, 0, 0, 0, 0, 0, 0, 0, 0, 0, 0, 0, 0],
    &[0, 0, 0, 0, 0, 0, 0, 0, 0, 0, 0, 0, 0, 0],
]