&[
    &[0, 0, 0, 0, 0, 0, 0, 0, 0, 0, 0, 0, 0, 0, 0, 0, 0],
    &[0, 0, 0, 0, 0, 0, 0, 0, 0, 0, 0, 0, 0, 0, 0, 0, 0],
    &[0, 0, 0, 0, 0, 0, 0, 0, 0, 0, 0, 0, 0, 0, 0, 0, 0],
    &[0, 0, 0, 0, 0, 0, 0, 0, 0, 0, 0, 0, 0, 0, 0, 0, 0],
    &[0, 0, 0, 0, 0, 0, 0, 0, 0, 0, 0, 0, 0, 0, 0, 0, 0],
    &[0, 0, 11, 71, 71, 71, 71, 71, 71, 71, 71, 71, 71, 60, 0, 0, 0],
    &[0, 0, 42, 255, 255, 255, 255, 255, 255, 255, 255, 255, 255, 217, 0, 0, 0],
    &[0, 0, 42, 255, 121, 32, 32, 32, 32, 32, 32, 32, 32, 27, 0, 0, 0],
    &[0, 0, 42, 255, 102, 0, 0, 0, 0, 0, 0, 0, 0, 0, 0, 0, 0],
    &[0, 0, 42, 255, 102, 0, 0, 0, 0, 0, 0, 0, 0, 0, 0, 0, 0],
    &[0, 0, 42, 255, 102, 0, 0, 0, 0, 0, 0, 0, 0, 0, 0, 0, 0],
    &[0, 0, 42, 255, 102, 0, 0, 0, 0, 0, 0, 0, 0, 0, 0, 0, 0],
    &[0, 0, 42, 255, 102, 0, 0, 0, 0, 0, 0, 0, 0, 0, 0, 0, 0],
    &[0, 0, 42, 255, 102, 0, 0, 0, 0, 0, 0, 0, 0, 0, 0, 0, 0],
    &[0, 0, 42, 255, 229, 211, 211, 211, 211, 211, 211, 211, 211, 65, 0, 0, 0],
    &[0, 0, 42, 255, 191, 147, 147, 147, 147, 147, 147, 147, 147, 45, 0, 0, 0],
    &[0, 0, 42, 255, 102, 0, 0, 0, 0, 0, 0, 0, 0, 0, 0, 0, 0],
    &[0, 0, 42, 255, 102, 0, 0, 0, 0, 0, 0, 0, 0, 0, 0, 0, 0],
    &[0, 0, 42, 255, 102, 0, 0, 0, 0, 0, 0, 0, 0, 0, 0, 0, 0],
    &[0, 0, 42, 255, 102, 0, 0, 0, 0, 0, 0, 0, 0, 0, 0, 0, 0],
    &[0, 0, 42, 255, 102, 0, 0, 0, 0, 0, 0, 0, 0, 0, 0, 0, 0],
    &[0, 0, 42, 255, 102, 0, 0, 0, 0, 0, 0, 0, 0, 0, 0, 0, 0],
    &[0, 0, 42, 255, 102, 0, 0, 0, 0, 0, 0, 0, 0, 0, 0, 0, 0],
    &[0, 0, 42, 255, 168, 110, 110, 110, 110, 110, 110, 110, 110, 93, 0, 0, 0],
    &[0, 0, 42, 255, 255, 255, 255, 255, 255, 255, 255, 255, 255, 217, 0, 0, 0],
    &[0, 0, 0, 0, 0, 0, 0, 0, 0, 0, 134, 203, 15, 0, 0, 0, 0],
    &[0, 0, 0, 0, 0, 0, 0, 0, 0, 95, 217, 18, 0, 0, 0, 0, 0],
    &[0, 0, 0, 0, 0, 0, 0, 0, 0, 227, 91, 0, 0, 0, 0, 0, 0],
    &[0, 0, 0, 0, 0, 0, 0, 0, 22, 255, 68, 0, 0, 0, 0, 0, 0],
    &[0, 0, 0, 0, 0, 0, 0, 0, 4, 235, 193, 81, 70, 0, 0, 0, 0],
    &[0, 0, 0, 0, 0, 0, 0, 0, 0, 58, 189, 220, 166, 0, 0, 0, 0],
    &[0, 0, 0, 0, 0, 0, 0, 0, 0, 0, 0, 0, 0, 0, 0, 0, 0],
]