&[
    &[0, 0, 36, 85, 0, 0, 104, 12, 0, 0],
    &[0, 0, 6, 186, 120, 139, 164, 0, 0, 0],
    &[0, 0, 0, 5, 63, 55, 1, 0, 0, 0],
    &[0, 34, 108, 108, 108, 108, 108, 108, 22, 0],
    &[0, 81, 196, 104, 104, 104, 104, 104, 21, 0],
    &[0, 81, 155, 0, 0, 0, 0, 0, 0, 0],
    &[0, 81, 155, 0, 0, 0, 0, 0, 0, 0],
    &[0, 81, 155, 0, 0, 0, 0, 0, 0, 0],
    &[0, 81, 197, 106, 106, 106, 106, 94, 0, 0],
    &[0, 81, 197, 106, 106, 106, 106, 94, 0, 0],
    &[0, 81, 155, 0, 0, 0, 0, 0, 0, 0],
    &[0, 81, 155, 0, 0, 0, 0, 0, 0, 0],
    &[0, 81, 155, 0, 0, 0, 0, 0, 0, 0],
    &[0, 81, 155, 0, 0, 0, 0, 0, 0, 0],
    &[0, 81, 240, 217, 217, 217, 217, 217, 45, 0],
    &[0, 0, 0, 0, 0, 0, 0, 0, 0, 0],
    &[0, 0, 0, 0, 0, 0, 0, 0, 0, 0],
    &[0, 0, 0, 0, 0, 0, 0, 0, 0, 0],
]