&[
    &[0, 0, 0, 28, 49, 0, 0, 0, 0],
    &[0, 0, 21, 223, 230, 86, 0, 0, 0],
    &[0, 9, 190, 84, 29, 201, 61, 0, 0],
    &[0, 1, 4, 0, 0, 1, 3, 0, 0],
    &[5, 254, 61, 0, 0, 0, 214, 107, 0],
    &[5, 255, 61, 0, 0, 0, 214, 107, 0],
    &[5, 255, 61, 0, 0, 0, 214, 107, 0],
    &[5, 255, 61, 0, 0, 0, 214, 107, 0],
    &[5, 255, 213, 200, 200, 200, 246, 107, 0],
    &[5, 255, 127, 86, 86, 86, 228, 107, 0],
    &[5, 255, 61, 0, 0, 0, 214, 107, 0],
    &[5, 255, 61, 0, 0, 0, 214, 107, 0],
    &[5, 255, 61, 0, 0, 0, 214, 107, 0],
    &[5, 255, 61, 0, 0, 0, 214, 107, 0],
    &[0, 0, 0, 0, 0, 0, 0, 0, 0],
    &[0, 0, 0, 0, 0, 0, 0, 0, 0],
    &[0, 0, 0, 0, 0, 0, 0, 0, 0],
    &[0, 0, 0, 0, 0, 0, 0, 0, 0],
    &[0, 0, 0, 0, 0, 0, 0, 0, 0],
    &[0, 0, 0, 0, 0, 0, 0, 0, 0],
]