&[
    &[0, 0, 0, 0, 0, 0, 0, 0, 0, 0, 0, 0, 0, 0, 0, 0, 0],
    &[0, 0, 0, 0, 0, 0, 0, 0, 0, 0, 0, 0, 0, 0, 0, 0, 0],
    &[0, 0, 0, 0, 0, 0, 0, 0, 0, 0, 0, 0, 0, 0, 0, 0, 0],
    &[0, 0, 0, 0, 0, 0, 0, 0, 0, 0, 0, 0, 0, 0, 0, 0, 0],
    &[0, 0, 0, 0, 0, 0, 0, 0, 0, 0, 0, 0, 0, 0, 0, 0, 0],
    &[0, 0, 2, 71, 71, 71, 71, 71, 71, 71, 71, 71, 71, 16, 0, 0, 0],
    &[0, 0, 7, 255, 255, 255, 255, 255, 255, 255, 255, 255, 255, 58, 0, 0, 0],
    &[0, 0, 3, 113, 136, 159, 191, 255, 255, 204, 163, 140, 117, 23, 0, 0, 0],
    &[0, 0, 0, 0, 0, 0, 36, 255, 255, 73, 0, 0, 0, 0, 0, 0, 0],
    &[0, 0, 0, 0, 0, 0, 36, 255, 255, 73, 0, 0, 0, 0, 0, 0, 0],
    &[0, 0, 0, 0, 0, 0, 36, 255, 255, 73, 0, 0, 0, 0, 0, 0, 0],
    &[0, 0, 0, 0, 0, 0, 36, 255, 255, 73, 0, 0, 0, 0, 0, 0, 0],
    &[0, 0, 0, 0, 0, 0, 36, 255, 255, 73, 0, 0, 0, 0, 0, 0, 0],
    &[0, 0, 0, 0, 0, 0, 36, 255, 255, 73, 0, 0, 0, 0, 0, 0, 0],
    &[0, 0, 0, 0, 0, 0, 36, 255, 255, 73, 0, 0, 0, 0, 0, 0, 0],
    &[0, 0, 0, 0, 0, 0, 36, 255, 255, 73, 0, 0, 0, 0, 0, 0, 0],
    &[0, 0, 0, 0, 0, 0, 36, 255, 255, 73, 0, 0, 0, 0, 0, 0, 0],
    &[0, 0, 0, 0, 0, 0, 36, 255, 255, 73, 0, 0, 0, 0, 0, 0, 0],
    &[0, 0, 0, 0, 0, 0, 36, 255, 255, 73, 0, 0, 0, 0, 0, 0, 0],
    &[0, 0, 0, 0, 0, 0, 36, 255, 255, 73, 0, 0, 0, 0, 0, 0, 0],
    &[0, 0, 0, 0, 0, 0, 36, 255, 255, 73, 0, 0, 0, 0, 0, 0, 0],
    &[0, 0, 0, 0, 0, 0, 36, 255, 255, 73, 0, 0, 0, 0, 0, 0, 0],
    &[0, 0, 0, 0, 0, 0, 37, 255, 255, 74, 0, 0, 0, 0, 0, 0, 0],
    &[0, 0, 5, 184, 207, 230, 251, 255, 255, 253, 234, 211, 189, 40, 0, 0, 0],
    &[0, 0, 7, 255, 255, 255, 255, 255, 255, 255, 255, 255, 255, 58, 0, 0, 0],
    &[0, 0, 0, 0, 0, 0, 0, 0, 0, 88, 251, 134, 0, 0, 0, 0, 0],
    &[0, 0, 0, 0, 0, 0, 0, 0, 42, 246, 175, 1, 0, 0, 0, 0, 0],
    &[0, 0, 0, 0, 0, 0, 0, 0, 163, 255, 59, 0, 0, 0, 0, 0, 0],
    &[0, 0, 0, 0, 0, 0, 0, 0, 200, 255, 69, 0, 0, 0, 0, 0, 0],
    &[0, 0, 0, 0, 0, 0, 0, 0, 150, 255, 237, 178, 120, 0, 0, 0, 0],
    &[0, 0, 0, 0, 0, 0, 0, 0, 17, 159, 223, 230, 125, 0, 0, 0, 0],
    &[0, 0, 0, 0, 0, 0, 0, 0, 0, 0, 0, 0, 0, 0, 0, 0, 0],
]