&[
    &[0, 0, 0, 0, 0, 0, 0, 0, 0, 0, 0, 0, 0],
    &[0, 0, 0, 0, 0, 0, 0, 0, 0, 0, 0, 0, 0],
    &[0, 0, 0, 0, 0, 0, 0, 0, 0, 0, 0, 0, 0],
    &[0, 0, 0, 0, 0, 0, 0, 0, 0, 0, 0, 0, 0],
    &[0, 0, 0, 126, 52, 0, 0, 0, 108, 68, 0, 0, 0],
    &[0, 0, 0, 181, 209, 52, 29, 102, 251, 74, 0, 0, 0],
    &[0, 0, 0, 33, 210, 255, 255, 251, 133, 0, 0, 0, 0],
    &[0, 0, 0, 0, 3, 42, 58, 19, 0, 0, 0, 0, 0],
    &[0, 0, 64, 65, 65, 65, 65, 38, 0, 0, 0, 0, 0],
    &[0, 0, 251, 255, 255, 255, 255, 148, 0, 0, 0, 0, 0],
    &[0, 0, 20, 39, 58, 130, 255, 148, 0, 0, 0, 0, 0],
    &[0, 0, 0, 0, 0, 79, 255, 148, 0, 0, 0, 0, 0],
    &[0, 0, 0, 0, 0, 79, 255, 148, 0, 0, 0, 0, 0],
    &[0, 0, 0, 0, 0, 79, 255, 148, 0, 0, 0, 0, 0],
    &[0, 0, 0, 0, 0, 79, 255, 148, 0, 0, 0, 0, 0],
    &[0, 0, 0, 0, 0, 79, 255, 148, 0, 0, 0, 0, 0],
    &[0, 0, 0, 0, 0, 79, 255, 148, 0, 0, 0, 0, 0],
    &[0, 0, 0, 0, 0, 79, 255, 148, 0, 0, 0, 0, 0],
    &[0, 22, 83, 103, 123, 175, 255, 208, 127, 105, 84, 23, 0],
    &[0, 81, 255, 255, 255, 255, 255, 255, 255, 255, 255, 87, 0],
    &[0, 0, 0, 0, 0, 0, 0, 0, 0, 0, 0, 0, 0],
    &[0, 0, 0, 0, 0, 0, 0, 0, 0, 0, 0, 0, 0],
    &[0, 0, 0, 0, 0, 0, 0, 0, 0, 0, 0, 0, 0],
    &[0, 0, 0, 0, 0, 0, 0, 0, 0, 0, 0, 0, 0],
]