&[
    &[0, 0, 23, 116, 58, 0, 21, 66, 0, 0],
    &[0, 0, 170, 85, 158, 161, 180, 57, 0, 0],
    &[0, 0, 48, 0, 0, 44, 38, 0, 0, 0],
    &[0, 0, 91, 108, 108, 108, 108, 47, 0, 0],
    &[0, 0, 55, 79, 200, 131, 73, 27, 0, 0],
    &[0, 0, 0, 0, 169, 67, 0, 0, 0, 0],
    &[0, 0, 0, 0, 169, 67, 0, 0, 0, 0],
    &[0, 0, 0, 0, 169, 67, 0, 0, 0, 0],
    &[0, 0, 0, 0, 169, 67, 0, 0, 0, 0],
    &[0, 0, 0, 0, 169, 67, 0, 0, 0, 0],
    &[0, 0, 0, 0, 169, 67, 0, 0, 0, 0],
    &[0, 0, 0, 0, 169, 67, 0, 0, 0, 0],
    &[0, 0, 0, 0, 169, 67, 0, 0, 0, 0],
    &[0, 0, 0, 0, 169, 67, 0, 0, 0, 0],
    &[0, 0, 146, 188, 236, 211, 182, 75, 0, 0],
    &[0, 0, 0, 0, 0, 0, 0, 0, 0, 0],
    &[0, 0, 0, 0, 0, 0, 0, 0, 0, 0],
    &[0, 0, 0, 0, 0, 0, 0, 0, 0, 0],
]