&[
    &[0, 0, 0, 0, 0, 0, 0, 0, 0, 0, 0, 0, 0],
    &[0, 0, 0, 0, 0, 0, 0, 0, 0, 0, 0, 0, 0],
    &[0, 0, 0, 0, 0, 0, 0, 0, 0, 0, 0, 0, 0],
    &[0, 0, 0, 0, 0, 0, 0, 0, 0, 0, 0, 0, 0],
    &[0, 0, 0, 0, 0, 0, 0, 0, 0, 0, 0, 0, 0],
    &[0, 0, 36, 230, 245, 254, 254, 252, 239, 172, 0, 0, 0],
    &[0, 0, 0, 0, 0, 81, 233, 1, 0, 0, 0, 0, 0],
    &[0, 0, 0, 0, 0, 79, 232, 0, 0, 0, 0, 0, 0],
    &[0, 0, 0, 0, 0, 79, 232, 0, 0, 0, 0, 0, 0],
    &[0, 0, 0, 0, 0, 79, 232, 0, 0, 0, 0, 0, 0],
    &[0, 0, 0, 0, 0, 79, 232, 0, 0, 0, 0, 0, 0],
    &[0, 0, 0, 0, 0, 79, 232, 0, 0, 0, 0, 0, 0],
    &[0, 0, 0, 0, 0, 79, 232, 0, 0, 0, 0, 0, 0],
    &[0, 0, 0, 0, 0, 79, 232, 0, 0, 0, 0, 0, 0],
    &[0, 0, 0, 0, 0, 79, 232, 0, 0, 0, 0, 0, 0],
    &[0, 0, 0, 0, 0, 79, 232, 0, 0, 0, 0, 0, 0],
    &[0, 0, 0, 0, 0, 79, 232, 0, 0, 0, 0, 0, 0],
    &[0, 0, 0, 0, 0, 79, 232, 0, 0, 0, 0, 0, 0],
    &[0, 0, 0, 0, 0, 80, 233, 1, 0, 0, 0, 0, 0],
    &[0, 0, 36, 230, 245, 255, 255, 254, 255, 172, 0, 0, 0],
    &[0, 0, 0, 0, 0, 0, 2, 168, 103, 0, 0, 0, 0],
    &[0, 0, 0, 0, 0, 0, 110, 141, 0, 0, 0, 0, 0],
    &[0, 0, 0, 0, 0, 0, 191, 67, 0, 0, 0, 0, 0],
    &[0, 0, 0, 0, 0, 0, 16, 119, 138, 31, 0, 0, 0],
]