&[
    &[0, 0, 0, 0, 0, 0, 0, 0, 0, 0, 0, 0, 0, 0, 0, 0, 0, 0, 0],
    &[0, 0, 0, 0, 0, 0, 0, 0, 0, 0, 0, 0, 0, 0, 0, 0, 0, 0, 0],
    &[0, 0, 0, 0, 0, 0, 0, 0, 0, 0, 0, 0, 0, 0, 0, 0, 0, 0, 0],
    &[0, 0, 0, 0, 0, 0, 0, 0, 0, 0, 0, 0, 0, 0, 0, 0, 0, 0, 0],
    &[0, 0, 0, 0, 0, 0, 0, 39, 192, 234, 201, 54, 0, 0, 0, 0, 0, 0, 0],
    &[0, 0, 0, 0, 0, 0, 0, 177, 255, 255, 255, 202, 0, 0, 0, 0, 0, 0, 0],
    &[0, 0, 0, 0, 0, 0, 0, 205, 255, 255, 255, 227, 0, 0, 0, 0, 0, 0, 0],
    &[0, 0, 0, 0, 0, 0, 0, 141, 255, 255, 255, 158, 0, 0, 0, 0, 0, 0, 0],
    &[0, 0, 0, 0, 0, 0, 0, 5, 100, 140, 103, 7, 0, 0, 0, 0, 0, 0, 0],
    &[0, 0, 0, 0, 0, 0, 0, 0, 0, 0, 0, 0, 0, 0, 0, 0, 0, 0, 0],
    &[0, 0, 0, 123, 189, 189, 189, 189, 189, 189, 189, 85, 0, 0, 0, 0, 0, 0, 0],
    &[0, 0, 0, 166, 255, 255, 255, 255, 255, 255, 255, 114, 0, 0, 0, 0, 0, 0, 0],
    &[0, 0, 0, 166, 255, 255, 255, 255, 255, 255, 255, 114, 0, 0, 0, 0, 0, 0, 0],
    &[0, 0, 0, 12, 42, 70, 98, 183, 255, 255, 255, 114, 0, 0, 0, 0, 0, 0, 0],
    &[0, 0, 0, 0, 0, 0, 0, 119, 255, 255, 255, 114, 0, 0, 0, 0, 0, 0, 0],
    &[0, 0, 0, 0, 0, 0, 0, 119, 255, 255, 255, 114, 0, 0, 0, 0, 0, 0, 0],
    &[0, 0, 0, 0, 0, 0, 0, 119, 255, 255, 255, 114, 0, 0, 0, 0, 0, 0, 0],
    &[0, 0, 0, 0, 0, 0, 0, 119, 255, 255, 255, 114, 0, 0, 0, 0, 0, 0, 0],
    &[0, 0, 0, 0, 0, 0, 0, 119, 255, 255, 255, 114, 0, 0, 0, 0, 0, 0, 0],
    &[0, 0, 0, 0, 0, 0, 0, 119, 255, 255, 255, 114, 0, 0, 0, 0, 0, 0, 0],
    &[0, 0, 0, 0, 0, 0, 0, 119, 255, 255, 255, 114, 0, 0, 0, 0, 0, 0, 0],
    &[0, 0, 0, 0, 0, 0, 17, 146, 255, 255, 255, 141, 13, 0, 0, 0, 0, 0, 0],
    &[0, 0, 44, 147, 189, 231, 255, 255, 255, 255, 255, 255, 254, 220, 173, 110, 0, 0, 0],
    &[0, 0, 97, 255, 255, 255, 255, 255, 255, 255, 255, 255, 255, 255, 255, 217, 0, 0, 0],
    &[0, 0, 97, 255, 255, 255, 255, 255, 255, 255, 255, 255, 255, 255, 255, 217, 0, 0, 0],
    &[0, 0, 0, 0, 0, 0, 0, 0, 0, 0, 39, 223, 255, 118, 0, 0, 0, 0, 0],
    &[0, 0, 0, 0, 0, 0, 0, 0, 0, 7, 211, 255, 173, 0, 0, 0, 0, 0, 0],
    &[0, 0, 0, 0, 0, 0, 0, 0, 0, 88, 255, 255, 76, 0, 0, 0, 0, 0, 0],
    &[0, 0, 0, 0, 0, 0, 0, 0, 0, 134, 255, 255, 120, 6, 18, 0, 0, 0, 0],
    &[0, 0, 0, 0, 0, 0, 0, 0, 0, 95, 255, 255, 255, 255, 127, 0, 0, 0, 0],
    &[0, 0, 0, 0, 0, 0, 0, 0, 0, 4, 185, 255, 255, 255, 127, 0, 0, 0, 0],
    &[0, 0, 0, 0, 0, 0, 0, 0, 0, 0, 0, 56, 93, 79, 18, 0, 0, 0, 0],
]