&[
    &[0, 0, 0, 0, 0, 0, 0, 0, 0],
    &[0, 0, 0, 0, 0, 0, 0, 0, 0],
    &[0, 0, 0, 0, 0, 0, 0, 0, 0],
    &[0, 0, 0, 0, 0, 0, 0, 0, 0],
    &[0, 0, 81, 111, 111, 111, 14, 0, 0],
    &[0, 0, 44, 60, 60, 60, 7, 0, 0],
    &[0, 57, 114, 114, 98, 0, 0, 0, 0],
    &[0, 17, 44, 57, 210, 0, 0, 0, 0],
    &[0, 0, 0, 0, 207, 0, 0, 0, 0],
    &[0, 0, 0, 0, 207, 0, 0, 0, 0],
    &[0, 0, 0, 0, 207, 0, 0, 0, 0],
    &[0, 0, 0, 0, 207, 0, 0, 0, 0],
    &[0, 0, 0, 0, 207, 0, 0, 0, 0],
    &[0, 111, 161, 172, 241, 171, 159, 73, 0],
    &[0, 0, 0, 0, 0, 0, 0, 0, 0],
    &[0, 0, 0, 0, 0, 0, 0, 0, 0],
    &[0, 0, 0, 0, 0, 0, 0, 0, 0],
    &[0, 0, 0, 0, 0, 0, 0, 0, 0],
    &[0, 0, 0, 0, 0, 0, 0, 0, 0],
    &[0, 0, 0, 0, 0, 0, 0, 0, 0],
]