&[
    &[0, 0, 0, 85, 0, 0, 0, 53, 30, 0, 0, 0],
    &[0, 0, 0, 172, 91, 0, 21, 204, 27, 0, 0, 0],
    &[0, 0, 0, 23, 170, 211, 198, 75, 0, 0, 0, 0],
    &[0, 0, 0, 0, 0, 0, 0, 0, 0, 0, 0, 0],
    &[0, 0, 63, 144, 144, 144, 144, 144, 120, 0, 0, 0],
    &[0, 0, 25, 68, 83, 231, 129, 74, 50, 0, 0, 0],
    &[0, 0, 0, 0, 0, 217, 64, 0, 0, 0, 0, 0],
    &[0, 0, 0, 0, 0, 217, 64, 0, 0, 0, 0, 0],
    &[0, 0, 0, 0, 0, 217, 64, 0, 0, 0, 0, 0],
    &[0, 0, 0, 0, 0, 217, 64, 0, 0, 0, 0, 0],
    &[0, 0, 0, 0, 0, 217, 64, 0, 0, 0, 0, 0],
    &[0, 0, 0, 0, 0, 217, 64, 0, 0, 0, 0, 0],
    &[0, 0, 0, 0, 0, 217, 64, 0, 0, 0, 0, 0],
    &[0, 0, 0, 0, 0, 217, 64, 0, 0, 0, 0, 0],
    &[0, 0, 0, 0, 0, 217, 64, 0, 0, 0, 0, 0],
    &[0, 0, 0, 0, 0, 217, 64, 0, 0, 0, 0, 0],
    &[0, 0, 0, 0, 0, 217, 64, 0, 0, 0, 0, 0],
    &[0, 0, 88, 213, 228, 253, 238, 219, 171, 0, 0, 0],
    &[0, 0, 0, 0, 0, 0, 0, 0, 0, 0, 0, 0],
    &[0, 0, 0, 0, 0, 0, 0, 0, 0, 0, 0, 0],
    &[0, 0, 0, 0, 0, 0, 0, 0, 0, 0, 0, 0],
    &[0, 0, 0, 0, 0, 0, 0, 0, 0, 0, 0, 0],
]