&[
    &[0, 0, 0, 0, 0, 0, 0, 0, 0],
    &[0, 0, 108, 154, 34, 13, 94, 0, 0],
    &[0, 21, 124, 23, 153, 175, 38, 0, 0],
    &[0, 0, 0, 0, 0, 0, 0, 0, 0],
    &[0, 16, 156, 187, 222, 162, 76, 0, 0],
    &[0, 0, 0, 52, 155, 0, 0, 0, 0],
    &[0, 0, 0, 52, 155, 0, 0, 0, 0],
    &[0, 0, 0, 52, 155, 0, 0, 0, 0],
    &[0, 0, 0, 52, 155, 0, 0, 0, 0],
    &[0, 0, 0, 52, 155, 0, 0, 0, 0],
    &[0, 0, 0, 52, 155, 0, 0, 0, 0],
    &[0, 0, 0, 52, 155, 0, 0, 0, 0],
    &[0, 0, 0, 52, 155, 0, 0, 0, 0],
    &[0, 16, 156, 187, 223, 162, 76, 0, 0],
    &[0, 0, 0, 0, 0, 0, 0, 0, 0],
    &[0, 0, 0, 0, 0, 0, 0, 0, 0],
    &[0, 0, 0, 0, 0, 0, 0, 0, 0],
    &[0, 0, 0, 0, 0, 0, 0, 0, 0],
    &[0, 0, 0, 0, 0, 0, 0, 0, 0],
    &[0, 0, 0, 0, 0, 0, 0, 0, 0],
]