&[
    &[0, 0, 0, 0, 0, 0, 0, 0, 0, 0],
    &[0, 0, 0, 0, 0, 0, 0, 0, 0, 0],
    &[0, 0, 0, 0, 0, 0, 0, 0, 0, 0],
    &[0, 0, 63, 76, 0, 0, 134, 0, 0, 0],
    &[0, 0, 13, 189, 136, 172, 120, 0, 0, 0],
    &[0, 0, 0, 4, 44, 26, 0, 0, 0, 0],
    &[0, 37, 131, 131, 131, 72, 0, 0, 0, 0],
    &[0, 11, 46, 59, 139, 141, 0, 0, 0, 0],
    &[0, 0, 0, 0, 96, 141, 0, 0, 0, 0],
    &[0, 0, 0, 0, 96, 141, 0, 0, 0, 0],
    &[0, 0, 0, 0, 96, 141, 0, 0, 0, 0],
    &[0, 0, 0, 0, 96, 141, 0, 0, 0, 0],
    &[0, 0, 0, 0, 96, 141, 0, 0, 0, 0],
    &[0, 0, 0, 0, 96, 141, 0, 0, 0, 0],
    &[0, 95, 180, 191, 221, 231, 193, 180, 95, 0],
    &[0, 0, 0, 0, 0, 0, 0, 0, 0, 0],
    &[0, 0, 0, 0, 0, 0, 0, 0, 0, 0],
    &[0, 0, 0, 0, 0, 0, 0, 0, 0, 0],
]