&[
    &[0, 0, 0, 0, 0, 0, 0, 0, 0, 0],
    &[0, 0, 0, 0, 0, 0, 0, 0, 0, 0],
    &[0, 0, 0, 0, 0, 0, 0, 0, 0, 0],
    &[0, 0, 0, 0, 142, 139, 0, 0, 0, 0],
    &[0, 0, 0, 0, 85, 83, 0, 0, 0, 0],
    &[0, 0, 0, 0, 0, 0, 0, 0, 0, 0],
    &[0, 37, 131, 131, 131, 72, 0, 0, 0, 0],
    &[0, 11, 46, 59, 139, 141, 0, 0, 0, 0],
    &[0, 0, 0, 0, 96, 141, 0, 0, 0, 0],
    &[0, 0, 0, 0, 96, 141, 0, 0, 0, 0],
    &[0, 0, 0, 0, 96, 141, 0, 0, 0, 0],
    &[0, 0, 0, 0, 96, 141, 0, 0, 0, 0],
    &[0, 0, 0, 0, 96, 141, 0, 0, 0, 0],
    &[0, 0, 0, 0, 96, 141, 0, 0, 0, 0],
    &[0, 95, 180, 191, 221, 231, 208, 185, 95, 0],
    &[0, 0, 0, 0, 0, 25, 166, 12, 0, 0],
    &[0, 0, 0, 0, 0, 151, 38, 0, 0, 0],
    &[0, 0, 0, 0, 0, 22, 113, 66, 0, 0],
]