&[
    &[0, 0, 0, 0, 0, 0, 0, 0, 0],
    &[0, 0, 0, 0, 0, 0, 0, 0, 0],
    &[0, 0, 0, 0, 0, 0, 0, 0, 0],
    &[0, 0, 22, 51, 0, 3, 50, 0, 0],
    &[0, 16, 220, 209, 197, 165, 126, 0, 0],
    &[0, 34, 66, 0, 73, 106, 6, 0, 0],
    &[0, 84, 128, 128, 128, 6, 0, 0, 0],
    &[0, 65, 115, 157, 255, 13, 0, 0, 0],
    &[0, 0, 0, 52, 255, 13, 0, 0, 0],
    &[0, 0, 0, 52, 255, 13, 0, 0, 0],
    &[0, 0, 0, 52, 255, 13, 0, 0, 0],
    &[0, 0, 0, 52, 255, 13, 0, 0, 0],
    &[0, 0, 0, 56, 255, 17, 0, 0, 0],
    &[0, 196, 242, 255, 255, 254, 237, 123, 0],
    &[0, 0, 0, 0, 0, 0, 0, 0, 0],
    &[0, 0, 0, 0, 0, 0, 0, 0, 0],
    &[0, 0, 0, 0, 0, 0, 0, 0, 0],
    &[0, 0, 0, 0, 0, 0, 0, 0, 0],
    &[0, 0, 0, 0, 0, 0, 0, 0, 0],
    &[0, 0, 0, 0, 0, 0, 0, 0, 0],
]