&[
    &[0, 0, 0, 162, 241, 241, 71, 0, 0, 0],
    &[0, 0, 97, 255, 154, 218, 231, 25, 0, 0],
    &[0, 9, 150, 106, 0, 21, 147, 97, 0, 0],
    &[30, 108, 108, 4, 0, 0, 47, 108, 95, 0],
    &[71, 255, 255, 10, 0, 0, 112, 255, 225, 0],
    &[71, 255, 255, 10, 0, 0, 112, 255, 225, 0],
    &[71, 255, 255, 10, 0, 0, 112, 255, 225, 0],
    &[71, 255, 255, 10, 0, 0, 112, 255, 225, 0],
    &[71, 255, 255, 246, 245, 245, 250, 255, 225, 0],
    &[71, 255, 255, 255, 255, 255, 255, 255, 225, 0],
    &[71, 255, 255, 20, 10, 10, 118, 255, 225, 0],
    &[71, 255, 255, 10, 0, 0, 112, 255, 225, 0],
    &[71, 255, 255, 10, 0, 0, 112, 255, 225, 0],
    &[71, 255, 255, 10, 0, 0, 112, 255, 225, 0],
    &[71, 255, 255, 10, 0, 0, 112, 255, 225, 0],
    &[0, 0, 0, 0, 0, 0, 0, 0, 0, 0],
    &[0, 0, 0, 0, 0, 0, 0, 0, 0, 0],
    &[0, 0, 0, 0, 0, 0, 0, 0, 0, 0],
]