&[
    &[0, 0, 0, 0, 0, 0, 0, 0, 0, 0, 0, 0, 0, 0, 0, 0, 0],
    &[0, 0, 0, 0, 0, 0, 0, 0, 0, 0, 0, 0, 0, 0, 0, 0, 0],
    &[0, 0, 0, 0, 0, 0, 0, 0, 0, 0, 0, 0, 0, 0, 0, 0, 0],
    &[0, 0, 0, 0, 0, 0, 0, 0, 0, 0, 0, 0, 0, 0, 0, 0, 0],
    &[0, 0, 0, 0, 0, 0, 0, 0, 0, 0, 0, 0, 0, 0, 0, 0, 0],
    &[0, 7, 71, 71, 22, 0, 0, 0, 0, 0, 0, 8, 71, 71, 22, 0, 0],
    &[0, 28, 255, 255, 81, 0, 0, 0, 0, 0, 0, 30, 255, 255, 79, 0, 0],
    &[0, 28, 255, 255, 81, 0, 0, 0, 0, 0, 0, 30, 255, 255, 79, 0, 0],
    &[16, 44, 255, 255, 98, 16, 16, 16, 16, 16, 16, 47, 255, 255, 95, 16, 3],
    &[255, 255, 255, 255, 255, 255, 255, 255, 255, 255, 255, 255, 255, 255, 255, 255, 51],
    &[224, 253, 255, 255, 255, 224, 224, 224, 224, 224, 224, 255, 255, 255, 255, 224, 44],
    &[0, 28, 255, 255, 81, 0, 0, 0, 0, 0, 0, 30, 255, 255, 79, 0, 0],
    &[0, 28, 255, 255, 81, 0, 0, 0, 0, 0, 0, 30, 255, 255, 79, 0, 0],
    &[0, 28, 255, 255, 108, 38, 38, 38, 38, 38, 38, 64, 255, 255, 79, 0, 0],
    &[0, 28, 255, 255, 255, 255, 255, 255, 255, 255, 255, 255, 255, 255, 79, 0, 0],
    &[0, 28, 255, 255, 255, 255, 255, 255, 255, 255, 255, 255, 255, 255, 79, 0, 0],
    &[0, 28, 255, 255, 83, 2, 2, 2, 2, 2, 2, 32, 255, 255, 79, 0, 0],
    &[0, 28, 255, 255, 81, 0, 0, 0, 0, 0, 0, 30, 255, 255, 79, 0, 0],
    &[0, 28, 255, 255, 81, 0, 0, 0, 0, 0, 0, 30, 255, 255, 79, 0, 0],
    &[0, 28, 255, 255, 81, 0, 0, 0, 0, 0, 0, 30, 255, 255, 79, 0, 0],
    &[0, 28, 255, 255, 81, 0, 0, 0, 0, 0, 0, 30, 255, 255, 79, 0, 0],
    &[0, 28, 255, 255, 81, 0, 0, 0, 0, 0, 0, 30, 255, 255, 79, 0, 0],
    &[0, 28, 255, 255, 81, 0, 0, 0, 0, 0, 0, 30, 255, 255, 79, 0, 0],
    &[0, 28, 255, 255, 81, 0, 0, 0, 0, 0, 0, 30, 255, 255, 79, 0, 0],
    &[0, 28, 255, 255, 81, 0, 0, 0, 0, 0, 0, 30, 255, 255, 79, 0, 0],
    &[0, 0, 0, 0, 0, 0, 0, 0, 0, 0, 0, 0, 0, 0, 0, 0, 0],
    &[0, 0, 0, 0, 0, 0, 0, 0, 0, 0, 0, 0, 0, 0, 0, 0, 0],
    &[0, 0, 0, 0, 0, 0, 0, 0, 0, 0, 0, 0, 0, 0, 0, 0, 0],
    &[0, 0, 0, 0, 0, 0, 0, 0, 0, 0, 0, 0, 0, 0, 0, 0, 0],
    &[0, 0, 0, 0, 0, 0, 0, 0, 0, 0, 0, 0, 0, 0, 0, 0, 0],
    &[0, 0, 0, 0, 0, 0, 0, 0, 0, 0, 0, 0, 0, 0, 0, 0, 0],
    &[0, 0, 0, 0, 0, 0, 0, 0, 0, 0, 0, 0, 0, 0, 0, 0, 0],
]