&[
    &[0, 0, 0, 0, 0, 0, 0],
    &[0, 0, 0, 0, 0, 0, 0],
    &[0, 0, 25, 116, 22, 0, 0],
    &[0, 0, 102, 255, 92, 0, 0],
    &[0, 1, 9, 60, 6, 0, 0],
    &[11, 255, 255, 255, 65, 0, 0],
    &[1, 47, 133, 255, 65, 0, 0],
    &[0, 0, 86, 255, 65, 0, 0],
    &[0, 0, 86, 255, 65, 0, 0],
    &[1, 32, 131, 255, 113, 23, 0],
    &[86, 255, 255, 255, 255, 255, 12],
    &[0, 0, 0, 52, 202, 9, 0],
    &[0, 0, 0, 132, 198, 51, 0],
    &[0, 0, 0, 27, 142, 69, 0],
    &[0, 0, 0, 0, 0, 0, 0],
    &[0, 0, 0, 0, 0, 0, 0],
]