&[
    &[0, 0, 0, 0, 2, 0, 0, 0, 0, 13, 0, 0, 0],
    &[0, 0, 0, 123, 245, 220, 78, 0, 31, 199, 0, 0, 0],
    &[0, 0, 27, 214, 17, 52, 208, 198, 225, 86, 0, 0, 0],
    &[0, 0, 21, 47, 0, 0, 4, 62, 40, 0, 0, 0, 0],
    &[0, 0, 0, 0, 0, 0, 0, 0, 0, 0, 0, 0, 0],
    &[0, 0, 36, 230, 245, 254, 254, 252, 239, 172, 0, 0, 0],
    &[0, 0, 0, 0, 0, 81, 233, 1, 0, 0, 0, 0, 0],
    &[0, 0, 0, 0, 0, 79, 232, 0, 0, 0, 0, 0, 0],
    &[0, 0, 0, 0, 0, 79, 232, 0, 0, 0, 0, 0, 0],
    &[0, 0, 0, 0, 0, 79, 232, 0, 0, 0, 0, 0, 0],
    &[0, 0, 0, 0, 0, 79, 232, 0, 0, 0, 0, 0, 0],
    &[0, 0, 0, 0, 0, 79, 232, 0, 0, 0, 0, 0, 0],
    &[0, 0, 0, 0, 0, 79, 232, 0, 0, 0, 0, 0, 0],
    &[0, 0, 0, 0, 0, 79, 232, 0, 0, 0, 0, 0, 0],
    &[0, 0, 0, 0, 0, 79, 232, 0, 0, 0, 0, 0, 0],
    &[0, 0, 0, 0, 0, 79, 232, 0, 0, 0, 0, 0, 0],
    &[0, 0, 0, 0, 0, 79, 232, 0, 0, 0, 0, 0, 0],
    &[0, 0, 0, 0, 0, 79, 232, 0, 0, 0, 0, 0, 0],
    &[0, 0, 0, 0, 0, 80, 233, 1, 0, 0, 0, 0, 0],
    &[0, 0, 36, 230, 245, 255, 255, 253, 239, 172, 0, 0, 0],
    &[0, 0, 0, 0, 0, 0, 0, 0, 0, 0, 0, 0, 0],
    &[0, 0, 0, 0, 0, 0, 0, 0, 0, 0, 0, 0, 0],
    &[0, 0, 0, 0, 0, 0, 0, 0, 0, 0, 0, 0, 0],
    &[0, 0, 0, 0, 0, 0, 0, 0, 0, 0, 0, 0, 0],
]