&[
    &[0, 0, 0, 0, 0, 0, 0, 0, 0, 0, 0, 0, 0, 0],
    &[0, 0, 0, 0, 0, 0, 0, 0, 0, 0, 0, 0, 0, 0],
    &[0, 0, 0, 0, 0, 0, 0, 0, 0, 0, 0, 0, 0, 0],
    &[0, 0, 0, 0, 0, 0, 0, 0, 0, 0, 0, 0, 0, 0],
    &[0, 0, 55, 144, 144, 37, 0, 0, 132, 144, 113, 0, 0, 0],
    &[0, 0, 98, 255, 255, 65, 0, 0, 233, 255, 200, 0, 0, 0],
    &[0, 0, 98, 255, 255, 65, 0, 0, 233, 255, 200, 0, 0, 0],
    &[0, 0, 98, 255, 255, 65, 0, 0, 233, 255, 200, 0, 0, 0],
    &[0, 0, 98, 255, 255, 65, 0, 0, 233, 255, 200, 0, 0, 0],
    &[0, 0, 98, 255, 255, 65, 0, 0, 233, 255, 200, 0, 0, 0],
    &[0, 0, 98, 255, 255, 65, 0, 0, 233, 255, 200, 0, 0, 0],
    &[0, 0, 98, 255, 255, 65, 0, 0, 233, 255, 200, 0, 0, 0],
    &[0, 0, 98, 255, 255, 65, 0, 0, 233, 255, 200, 0, 0, 0],
    &[0, 0, 88, 229, 229, 58, 0, 0, 242, 255, 195, 0, 0, 0],
    &[0, 0, 0, 0, 0, 0, 0, 36, 255, 255, 173, 0, 0, 0],
    &[0, 0, 49, 106, 71, 56, 81, 202, 255, 255, 110, 0, 0, 0],
    &[0, 0, 93, 255, 255, 255, 255, 255, 255, 223, 14, 0, 0, 0],
    &[0, 0, 77, 245, 255, 255, 255, 247, 171, 28, 0, 0, 0, 0],
    &[0, 0, 0, 2, 29, 45, 33, 8, 0, 0, 0, 0, 0, 0],
    &[0, 0, 0, 0, 0, 0, 0, 0, 0, 0, 0, 0, 0, 0],
    &[0, 0, 0, 0, 0, 0, 0, 0, 0, 0, 0, 0, 0, 0],
    &[0, 0, 0, 0, 0, 0, 0, 0, 0, 0, 0, 0, 0, 0],
]