&[
    &[0, 0, 0, 0, 0, 0, 0, 0, 0, 0],
    &[0, 0, 0, 0, 0, 0, 0, 0, 0, 0],
    &[0, 19, 40, 40, 40, 40, 6, 25, 40, 21],
    &[0, 122, 255, 255, 255, 255, 40, 183, 255, 72],
    &[0, 40, 123, 185, 255, 255, 41, 234, 196, 0],
    &[0, 0, 0, 40, 255, 255, 48, 102, 36, 0],
    &[0, 0, 0, 40, 255, 255, 40, 0, 0, 0],
    &[0, 0, 0, 40, 255, 255, 40, 0, 0, 0],
    &[0, 0, 0, 40, 255, 255, 40, 0, 0, 0],
    &[0, 0, 0, 40, 255, 255, 40, 0, 0, 0],
    &[0, 0, 0, 40, 255, 255, 40, 0, 0, 0],
    &[0, 0, 0, 40, 255, 255, 40, 0, 0, 0],
    &[0, 0, 0, 40, 255, 255, 40, 0, 0, 0],
    &[4, 135, 178, 223, 255, 255, 222, 173, 104, 0],
    &[10, 255, 255, 255, 255, 255, 255, 255, 204, 0],
    &[0, 0, 0, 0, 0, 0, 0, 0, 0, 0],
    &[0, 0, 0, 0, 0, 0, 0, 0, 0, 0],
    &[0, 0, 0, 0, 0, 0, 0, 0, 0, 0],
]