&[
    &[0, 0, 0, 0, 0, 72, 255, 255, 255, 221, 26, 0, 0, 0, 0, 0, 0, 0, 0],
    &[0, 0, 0, 0, 13, 223, 255, 255, 219, 31, 0, 0, 0, 0, 0, 0, 0, 0, 0],
    &[0, 0, 0, 0, 157, 255, 255, 209, 24, 0, 0, 0, 0, 0, 0, 0, 0, 0, 0],
    &[0, 0, 0, 80, 255, 255, 184, 14, 0, 0, 0, 0, 0, 0, 0, 0, 0, 0, 0],
    &[0, 0, 0, 13, 26, 26, 3, 0, 0, 0, 0, 0, 0, 0, 0, 0, 0, 0, 0],
    &[0, 0, 0, 40, 71, 71, 71, 24, 0, 0, 0, 0, 0, 0, 0, 0, 0, 0, 0],
    &[0, 0, 0, 145, 255, 255, 255, 88, 0, 0, 0, 0, 0, 0, 0, 0, 0, 0, 0],
    &[0, 0, 0, 145, 255, 255, 255, 88, 0, 0, 0, 0, 0, 0, 0, 0, 0, 0, 0],
    &[0, 0, 0, 145, 255, 255, 255, 88, 0, 0, 0, 0, 0, 0, 0, 0, 0, 0, 0],
    &[0, 0, 0, 145, 255, 255, 255, 88, 0, 0, 0, 0, 0, 0, 0, 0, 0, 0, 0],
    &[0, 0, 0, 145, 255, 255, 255, 88, 0, 0, 0, 0, 0, 0, 0, 0, 0, 0, 0],
    &[0, 0, 0, 145, 255, 255, 255, 88, 0, 0, 0, 0, 0, 0, 0, 0, 0, 0, 0],
    &[0, 0, 0, 145, 255, 255, 255, 88, 0, 0, 0, 0, 0, 0, 0, 0, 0, 0, 0],
    &[0, 0, 0, 145, 255, 255, 255, 88, 0, 0, 0, 0, 0, 0, 0, 0, 0, 0, 0],
    &[0, 0, 0, 145, 255, 255, 255, 88, 0, 0, 0, 0, 0, 0, 0, 0, 0, 0, 0],
    &[0, 0, 0, 145, 255, 255, 255, 88, 0, 0, 0, 0, 0, 0, 0, 0, 0, 0, 0],
    &[0, 0, 0, 145, 255, 255, 255, 88, 0, 0, 0, 0, 0, 0, 0, 0, 0, 0, 0],
    &[0, 0, 0, 145, 255, 255, 255, 88, 0, 0, 0, 0, 0, 0, 0, 0, 0, 0, 0],
    &[0, 0, 0, 145, 255, 255, 255, 88, 0, 0, 0, 0, 0, 0, 0, 0, 0, 0, 0],
    &[0, 0, 0, 145, 255, 255, 255, 88, 0, 0, 0, 0, 0, 0, 0, 0, 0, 0, 0],
    &[0, 0, 0, 145, 255, 255, 255, 88, 0, 0, 0, 0, 0, 0, 0, 0, 0, 0, 0],
    &[0, 0, 0, 145, 255, 255, 255, 164, 116, 116, 116, 116, 116, 116, 116, 36, 0, 0, 0],
    &[0, 0, 0, 145, 255, 255, 255, 255, 255, 255, 255, 255, 255, 255, 255, 79, 0, 0, 0],
    &[0, 0, 0, 145, 255, 255, 255, 255, 255, 255, 255, 255, 255, 255, 255, 79, 0, 0, 0],
    &[0, 0, 0, 145, 255, 255, 255, 255, 255, 255, 255, 255, 255, 255, 255, 79, 0, 0, 0],
    &[0, 0, 0, 0, 0, 0, 0, 0, 0, 0, 0, 0, 0, 0, 0, 0, 0, 0, 0],
    &[0, 0, 0, 0, 0, 0, 0, 0, 0, 0, 0, 0, 0, 0, 0, 0, 0, 0, 0],
    &[0, 0, 0, 0, 0, 0, 0, 0, 0, 0, 0, 0, 0, 0, 0, 0, 0, 0, 0],
    &[0, 0, 0, 0, 0, 0, 0, 0, 0, 0, 0, 0, 0, 0, 0, 0, 0, 0, 0],
    &[0, 0, 0, 0, 0, 0, 0, 0, 0, 0, 0, 0, 0, 0, 0, 0, 0, 0, 0],
    &[0, 0, 0, 0, 0, 0, 0, 0, 0, 0, 0, 0, 0, 0, 0, 0, 0, 0, 0],
    &[0, 0, 0, 0, 0, 0, 50, 55, 55, 55, 23, 0, 0, 0, 0, 0, 0, 0, 0],
]