&[
    &[0, 0, 0, 19, 39, 0, 0, 0, 0],
    &[0, 0, 2, 233, 255, 80, 0, 0, 0],
    &[0, 0, 1, 225, 253, 68, 0, 0, 0],
    &[0, 0, 0, 8, 19, 0, 0, 0, 0],
    &[0, 188, 254, 254, 254, 254, 254, 35, 0],
    &[0, 84, 139, 235, 255, 164, 121, 14, 0],
    &[0, 0, 0, 203, 255, 38, 0, 0, 0],
    &[0, 0, 0, 203, 255, 38, 0, 0, 0],
    &[0, 0, 0, 203, 255, 38, 0, 0, 0],
    &[0, 0, 0, 203, 255, 38, 0, 0, 0],
    &[0, 0, 0, 203, 255, 38, 0, 0, 0],
    &[0, 0, 0, 203, 255, 38, 0, 0, 0],
    &[0, 83, 138, 235, 255, 163, 120, 14, 0],
    &[0, 189, 255, 255, 255, 255, 255, 35, 0],
    &[0, 0, 0, 0, 0, 0, 0, 0, 0],
    &[0, 0, 0, 0, 0, 0, 0, 0, 0],
    &[0, 0, 0, 0, 0, 0, 0, 0, 0],
    &[0, 0, 0, 0, 0, 0, 0, 0, 0],
    &[0, 0, 0, 0, 0, 0, 0, 0, 0],
    &[0, 0, 0, 0, 0, 0, 0, 0, 0],
]