&[
    &[0, 0, 0, 0, 4, 19, 17, 0, 0],
    &[0, 0, 0, 0, 147, 255, 254, 64, 0],
    &[0, 0, 0, 86, 246, 85, 159, 230, 25],
    &[0, 0, 0, 30, 25, 0, 0, 39, 16],
    &[0, 0, 0, 0, 32, 254, 219, 0, 0],
    &[0, 0, 0, 0, 32, 255, 220, 0, 0],
    &[0, 0, 0, 0, 32, 255, 220, 0, 0],
    &[0, 0, 0, 0, 32, 255, 220, 0, 0],
    &[0, 0, 0, 0, 32, 255, 220, 0, 0],
    &[0, 0, 0, 0, 32, 255, 220, 0, 0],
    &[0, 0, 0, 0, 36, 255, 217, 0, 0],
    &[0, 0, 0, 0, 88, 255, 195, 0, 0],
    &[0, 170, 175, 175, 243, 255, 117, 0, 0],
    &[0, 192, 255, 255, 246, 150, 5, 0, 0],
    &[0, 0, 20, 29, 6, 0, 0, 0, 0],
    &[0, 0, 0, 0, 0, 0, 0, 0, 0],
    &[0, 0, 0, 0, 0, 0, 0, 0, 0],
    &[0, 0, 0, 0, 0, 0, 0, 0, 0],
    &[0, 0, 0, 0, 0, 0, 0, 0, 0],
    &[0, 0, 0, 0, 0, 0, 0, 0, 0],
]