&[
    &[0, 0, 0, 0, 0, 0, 0, 0, 0, 0, 0, 0, 0, 0, 0, 0, 0],
    &[0, 0, 0, 0, 0, 0, 0, 0, 0, 0, 0, 0, 0, 0, 0, 0, 0],
    &[0, 0, 0, 0, 0, 0, 0, 0, 0, 0, 0, 0, 0, 0, 0, 0, 0],
    &[0, 0, 0, 0, 0, 0, 0, 0, 0, 0, 0, 0, 0, 0, 0, 0, 0],
    &[0, 0, 0, 0, 0, 0, 0, 0, 0, 0, 0, 0, 0, 0, 0, 0, 0],
    &[0, 0, 40, 71, 71, 71, 24, 0, 0, 0, 31, 71, 71, 71, 12, 0, 0],
    &[0, 0, 145, 255, 255, 255, 88, 0, 0, 0, 137, 255, 255, 231, 8, 0, 0],
    &[0, 0, 145, 255, 255, 255, 88, 0, 0, 0, 184, 255, 255, 116, 0, 0, 0],
    &[0, 0, 145, 255, 255, 255, 88, 0, 0, 1, 237, 255, 227, 9, 0, 0, 0],
    &[0, 0, 145, 255, 255, 255, 88, 0, 0, 42, 255, 255, 87, 0, 0, 0, 0],
    &[0, 0, 145, 255, 255, 255, 88, 0, 0, 2, 10, 10, 0, 0, 0, 0, 0],
    &[0, 0, 145, 255, 255, 255, 88, 0, 0, 0, 0, 0, 0, 0, 0, 0, 0],
    &[0, 0, 145, 255, 255, 255, 88, 0, 0, 0, 0, 0, 0, 0, 0, 0, 0],
    &[0, 0, 145, 255, 255, 255, 88, 0, 0, 0, 0, 0, 0, 0, 0, 0, 0],
    &[0, 0, 145, 255, 255, 255, 88, 0, 0, 0, 0, 0, 0, 0, 0, 0, 0],
    &[0, 0, 145, 255, 255, 255, 88, 0, 0, 0, 0, 0, 0, 0, 0, 0, 0],
    &[0, 0, 145, 255, 255, 255, 88, 0, 0, 0, 0, 0, 0, 0, 0, 0, 0],
    &[0, 0, 145, 255, 255, 255, 88, 0, 0, 0, 0, 0, 0, 0, 0, 0, 0],
    &[0, 0, 145, 255, 255, 255, 88, 0, 0, 0, 0, 0, 0, 0, 0, 0, 0],
    &[0, 0, 145, 255, 255, 255, 88, 0, 0, 0, 0, 0, 0, 0, 0, 0, 0],
    &[0, 0, 145, 255, 255, 255, 88, 0, 0, 0, 0, 0, 0, 0, 0, 0, 0],
    &[0, 0, 145, 255, 255, 255, 164, 116, 116, 116, 116, 116, 116, 116, 36, 0, 0],
    &[0, 0, 145, 255, 255, 255, 255, 255, 255, 255, 255, 255, 255, 255, 79, 0, 0],
    &[0, 0, 145, 255, 255, 255, 255, 255, 255, 255, 255, 255, 255, 255, 79, 0, 0],
    &[0, 0, 145, 255, 255, 255, 255, 255, 255, 255, 255, 255, 255, 255, 79, 0, 0],
    &[0, 0, 0, 0, 0, 0, 0, 0, 0, 0, 0, 0, 0, 0, 0, 0, 0],
    &[0, 0, 0, 0, 0, 0, 0, 0, 0, 0, 0, 0, 0, 0, 0, 0, 0],
    &[0, 0, 0, 0, 0, 0, 0, 0, 0, 0, 0, 0, 0, 0, 0, 0, 0],
    &[0, 0, 0, 0, 0, 0, 0, 0, 0, 0, 0, 0, 0, 0, 0, 0, 0],
    &[0, 0, 0, 0, 0, 0, 0, 0, 0, 0, 0, 0, 0, 0, 0, 0, 0],
    &[0, 0, 0, 0, 0, 0, 0, 0, 0, 0, 0, 0, 0, 0, 0, 0, 0],
    &[0, 0, 0, 0, 0, 0, 0, 0, 0, 0, 0, 0, 0, 0, 0, 0, 0],
]