&[
    &[0, 0, 0, 0, 0, 0, 0],
    &[0, 0, 0, 0, 0, 0, 0],
    &[0, 0, 0, 0, 0, 0, 0],
    &[0, 0, 0, 0, 0, 0, 0],
    &[0, 1, 1, 0, 3, 23, 0],
    &[64, 255, 255, 124, 225, 255, 71],
    &[9, 60, 253, 255, 156, 118, 9],
    &[0, 0, 252, 190, 0, 0, 0],
    &[0, 0, 252, 155, 0, 0, 0],
    &[6, 54, 253, 183, 34, 0, 0],
    &[140, 255, 255, 255, 255, 46, 0],
    &[0, 0, 76, 45, 0, 0, 0],
    &[0, 12, 252, 57, 0, 0, 0],
    &[0, 22, 89, 0, 0, 0, 0],
    &[0, 0, 0, 0, 0, 0, 0],
    &[0, 0, 0, 0, 0, 0, 0],
]