&[
    &[0, 0, 0, 0, 0, 0, 0, 0, 0, 0, 0, 0, 0, 0, 0, 0, 0],
    &[0, 0, 0, 0, 0, 0, 0, 0, 0, 0, 0, 0, 0, 0, 0, 0, 0],
    &[0, 0, 0, 0, 0, 0, 0, 0, 0, 0, 0, 0, 0, 0, 0, 0, 0],
    &[0, 0, 0, 0, 0, 1, 129, 225, 231, 151, 11, 0, 0, 0, 0, 0, 0],
    &[0, 0, 0, 0, 0, 103, 210, 35, 19, 175, 150, 0, 0, 0, 0, 0, 0],
    &[0, 0, 0, 0, 0, 173, 103, 0, 0, 51, 223, 0, 0, 0, 0, 0, 0],
    &[0, 0, 0, 0, 0, 157, 133, 0, 0, 82, 206, 0, 0, 0, 0, 0, 0],
    &[0, 0, 0, 0, 0, 48, 240, 148, 133, 234, 83, 0, 0, 0, 0, 0, 0],
    &[0, 0, 0, 0, 0, 0, 32, 118, 124, 48, 0, 0, 0, 0, 0, 0, 0],
    &[0, 0, 0, 0, 0, 0, 0, 0, 0, 0, 0, 0, 0, 0, 0, 0, 0],
    &[0, 0, 58, 87, 0, 0, 0, 0, 0, 0, 0, 0, 79, 66, 0, 0, 0],
    &[0, 0, 159, 241, 0, 0, 0, 0, 0, 0, 0, 0, 217, 183, 0, 0, 0],
    &[0, 0, 159, 241, 0, 0, 0, 0, 0, 0, 0, 0, 217, 183, 0, 0, 0],
    &[0, 0, 159, 241, 0, 0, 0, 0, 0, 0, 0, 0, 217, 183, 0, 0, 0],
    &[0, 0, 159, 241, 0, 0, 0, 0, 0, 0, 0, 0, 217, 183, 0, 0, 0],
    &[0, 0, 159, 241, 0, 0, 0, 0, 0, 0, 0, 0, 217, 183, 0, 0, 0],
    &[0, 0, 159, 241, 0, 0, 0, 0, 0, 0, 0, 0, 217, 183, 0, 0, 0],
    &[0, 0, 159, 241, 0, 0, 0, 0, 0, 0, 0, 0, 217, 183, 0, 0, 0],
    &[0, 0, 159, 241, 0, 0, 0, 0, 0, 0, 0, 0, 220, 183, 0, 0, 0],
    &[0, 0, 159, 242, 0, 0, 0, 0, 0, 0, 0, 0, 238, 183, 0, 0, 0],
    &[0, 0, 150, 255, 9, 0, 0, 0, 0, 0, 0, 24, 255, 183, 0, 0, 0],
    &[0, 0, 121, 255, 47, 0, 0, 0, 0, 0, 0, 107, 255, 183, 0, 0, 0],
    &[0, 0, 52, 255, 161, 0, 0, 0, 0, 0, 31, 224, 227, 183, 0, 0, 0],
    &[0, 0, 0, 176, 255, 163, 59, 23, 39, 108, 230, 101, 174, 183, 0, 0, 0],
    &[0, 0, 0, 9, 152, 249, 255, 255, 255, 226, 94, 0, 152, 183, 0, 0, 0],
    &[0, 0, 0, 0, 0, 10, 53, 63, 40, 1, 0, 0, 0, 0, 0, 0, 0],
    &[0, 0, 0, 0, 0, 0, 0, 0, 0, 0, 0, 0, 0, 0, 0, 0, 0],
    &[0, 0, 0, 0, 0, 0, 0, 0, 0, 0, 0, 0, 0, 0, 0, 0, 0],
    &[0, 0, 0, 0, 0, 0, 0, 0, 0, 0, 0, 0, 0, 0, 0, 0, 0],
    &[0, 0, 0, 0, 0, 0, 0, 0, 0, 0, 0, 0, 0, 0, 0, 0, 0],
    &[0, 0, 0, 0, 0, 0, 0, 0, 0, 0, 0, 0, 0, 0, 0, 0, 0],
    &[0, 0, 0, 0, 0, 0, 0, 0, 0, 0, 0, 0, 0, 0, 0, 0, 0],
]