&[
    &[0, 0, 0, 0, 0, 0, 0, 0, 0, 0, 0, 0, 0],
    &[0, 0, 0, 0, 0, 0, 0, 0, 0, 0, 0, 0, 0],
    &[0, 0, 0, 0, 0, 0, 0, 0, 0, 0, 0, 0, 0],
    &[0, 0, 0, 0, 0, 0, 0, 0, 0, 0, 0, 0, 0],
    &[0, 0, 0, 60, 36, 0, 0, 0, 76, 17, 0, 0, 0],
    &[0, 0, 0, 94, 180, 6, 0, 34, 224, 7, 0, 0, 0],
    &[0, 0, 0, 1, 154, 229, 198, 224, 74, 0, 0, 0, 0],
    &[0, 0, 0, 0, 0, 13, 31, 3, 0, 0, 0, 0, 0],
    &[0, 6, 44, 2, 0, 0, 0, 0, 0, 24, 29, 0, 0],
    &[0, 38, 255, 16, 0, 0, 0, 0, 0, 140, 170, 0, 0],
    &[0, 38, 255, 16, 0, 0, 0, 0, 0, 140, 170, 0, 0],
    &[0, 38, 255, 16, 0, 0, 0, 0, 0, 140, 170, 0, 0],
    &[0, 38, 255, 16, 0, 0, 0, 0, 0, 140, 170, 0, 0],
    &[0, 38, 255, 16, 0, 0, 0, 0, 0, 140, 170, 0, 0],
    &[0, 38, 255, 16, 0, 0, 0, 0, 0, 140, 170, 0, 0],
    &[0, 38, 255, 17, 0, 0, 0, 0, 0, 152, 170, 0, 0],
    &[0, 24, 255, 35, 0, 0, 0, 0, 0, 189, 170, 0, 0],
    &[0, 0, 244, 87, 0, 0, 0, 0, 33, 249, 170, 0, 0],
    &[0, 0, 143, 218, 40, 0, 0, 41, 197, 155, 170, 0, 0],
    &[0, 0, 14, 173, 253, 227, 226, 213, 60, 92, 170, 0, 0],
    &[0, 0, 0, 0, 18, 48, 34, 0, 0, 0, 0, 0, 0],
    &[0, 0, 0, 0, 0, 0, 0, 0, 0, 0, 0, 0, 0],
    &[0, 0, 0, 0, 0, 0, 0, 0, 0, 0, 0, 0, 0],
    &[0, 0, 0, 0, 0, 0, 0, 0, 0, 0, 0, 0, 0],
]