&[
    &[0, 0, 15, 184, 196, 74, 0, 0, 0],
    &[0, 0, 76, 138, 39, 177, 0, 0, 0],
    &[0, 0, 20, 200, 204, 89, 0, 0, 0],
    &[0, 0, 0, 0, 0, 0, 0, 0, 0],
    &[5, 254, 61, 0, 0, 0, 214, 107, 0],
    &[5, 255, 61, 0, 0, 0, 214, 107, 0],
    &[5, 255, 61, 0, 0, 0, 214, 107, 0],
    &[5, 255, 61, 0, 0, 0, 214, 107, 0],
    &[5, 255, 61, 0, 0, 0, 214, 107, 0],
    &[5, 255, 61, 0, 0, 0, 214, 107, 0],
    &[2, 255, 67, 0, 0, 0, 220, 104, 0],
    &[0, 234, 100, 0, 0, 3, 247, 80, 0],
    &[0, 159, 208, 29, 6, 125, 241, 16, 0],
    &[0, 21, 188, 255, 255, 228, 74, 0, 0],
    &[0, 0, 0, 16, 25, 2, 0, 0, 0],
    &[0, 0, 0, 0, 0, 0, 0, 0, 0],
    &[0, 0, 0, 0, 0, 0, 0, 0, 0],
    &[0, 0, 0, 0, 0, 0, 0, 0, 0],
    &[0, 0, 0, 0, 0, 0, 0, 0, 0],
    &[0, 0, 0, 0, 0, 0, 0, 0, 0],
]