&[
    &[0, 0, 44, 0, 0, 29, 16, 0, 0],
    &[0, 0, 82, 121, 45, 157, 3, 0, 0],
    &[0, 0, 0, 132, 198, 12, 0, 0, 0],
    &[0, 0, 0, 0, 0, 0, 0, 0, 0],
    &[61, 186, 186, 200, 227, 186, 186, 138, 0],
    &[0, 0, 0, 52, 155, 0, 0, 0, 0],
    &[0, 0, 0, 52, 155, 0, 0, 0, 0],
    &[0, 0, 0, 52, 155, 0, 0, 0, 0],
    &[0, 0, 0, 52, 155, 0, 0, 0, 0],
    &[0, 0, 0, 52, 155, 0, 0, 0, 0],
    &[0, 0, 0, 52, 155, 0, 0, 0, 0],
    &[0, 0, 0, 52, 155, 0, 0, 0, 0],
    &[0, 0, 0, 52, 155, 0, 0, 0, 0],
    &[0, 0, 0, 52, 155, 0, 0, 0, 0],
    &[0, 0, 0, 0, 0, 0, 0, 0, 0],
    &[0, 0, 0, 0, 0, 0, 0, 0, 0],
    &[0, 0, 0, 0, 0, 0, 0, 0, 0],
    &[0, 0, 0, 0, 0, 0, 0, 0, 0],
    &[0, 0, 0, 0, 0, 0, 0, 0, 0],
    &[0, 0, 0, 0, 0, 0, 0, 0, 0],
]