&[
    &[0, 0, 0, 0, 0, 0, 0, 0, 0],
    &[0, 0, 31, 35, 35, 35, 9, 0, 0],
    &[0, 0, 194, 219, 219, 219, 59, 0, 0],
    &[0, 0, 0, 0, 0, 0, 0, 0, 0],
    &[5, 254, 61, 0, 0, 0, 214, 107, 0],
    &[5, 255, 61, 0, 0, 0, 214, 107, 0],
    &[5, 255, 61, 0, 0, 0, 214, 107, 0],
    &[5, 255, 61, 0, 0, 0, 214, 107, 0],
    &[5, 255, 61, 0, 0, 0, 214, 107, 0],
    &[5, 255, 61, 0, 0, 0, 214, 107, 0],
    &[2, 255, 67, 0, 0, 0, 220, 104, 0],
    &[0, 234, 100, 0, 0, 3, 247, 80, 0],
    &[0, 159, 208, 29, 6, 125, 241, 16, 0],
    &[0, 21, 188, 255, 255, 228, 74, 0, 0],
    &[0, 0, 0, 16, 25, 2, 0, 0, 0],
    &[0, 0, 0, 0, 0, 0, 0, 0, 0],
    &[0, 0, 0, 0, 0, 0, 0, 0, 0],
    &[0, 0, 0, 0, 0, 0, 0, 0, 0],
    &[0, 0, 0, 0, 0, 0, 0, 0, 0],
    &[0, 0, 0, 0, 0, 0, 0, 0, 0],
]