&[
    &[0, 0, 0, 0, 0, 0, 0, 0, 0, 0, 0, 0, 0, 0],
    &[0, 0, 0, 0, 0, 0, 0, 0, 0, 0, 0, 0, 0, 0],
    &[0, 0, 0, 0, 0, 0, 0, 0, 0, 0, 0, 0, 0, 0],
    &[0, 0, 0, 0, 0, 4, 42, 30, 0, 0, 0, 0, 0, 0],
    &[0, 0, 0, 0, 38, 220, 255, 255, 179, 7, 0, 0, 0, 0],
    &[0, 0, 0, 0, 173, 255, 132, 172, 255, 112, 0, 0, 0, 0],
    &[0, 0, 0, 0, 208, 228, 0, 42, 255, 150, 0, 0, 0, 0],
    &[0, 0, 0, 0, 155, 255, 171, 204, 255, 93, 0, 0, 0, 0],
    &[0, 0, 0, 0, 20, 181, 251, 243, 137, 1, 0, 0, 0, 0],
    &[0, 0, 0, 0, 0, 0, 4, 1, 0, 0, 0, 0, 0, 0],
    &[0, 121, 142, 142, 69, 0, 0, 0, 0, 114, 142, 142, 76, 0],
    &[0, 217, 255, 255, 124, 0, 0, 0, 0, 204, 255, 255, 136, 0],
    &[0, 217, 255, 255, 124, 0, 0, 0, 0, 204, 255, 255, 136, 0],
    &[0, 217, 255, 255, 124, 0, 0, 0, 0, 204, 255, 255, 136, 0],
    &[0, 217, 255, 255, 124, 0, 0, 0, 0, 204, 255, 255, 136, 0],
    &[0, 217, 255, 255, 124, 0, 0, 0, 0, 204, 255, 255, 136, 0],
    &[0, 217, 255, 255, 124, 0, 0, 0, 0, 210, 255, 255, 136, 0],
    &[0, 217, 255, 255, 124, 0, 0, 0, 0, 234, 255, 255, 136, 0],
    &[0, 216, 255, 255, 142, 0, 0, 0, 13, 254, 255, 255, 136, 0],
    &[0, 200, 255, 255, 211, 4, 0, 0, 120, 255, 255, 255, 136, 0],
    &[0, 147, 255, 255, 255, 203, 145, 182, 254, 255, 255, 255, 136, 0],
    &[0, 39, 246, 255, 255, 255, 255, 255, 242, 178, 255, 255, 136, 0],
    &[0, 0, 66, 219, 255, 255, 255, 195, 54, 42, 255, 255, 136, 0],
    &[0, 0, 0, 0, 36, 50, 19, 0, 0, 0, 0, 0, 0, 0],
    &[0, 0, 0, 0, 0, 0, 0, 0, 0, 0, 0, 0, 0, 0],
    &[0, 0, 0, 0, 0, 0, 0, 0, 0, 0, 0, 0, 0, 0],
    &[0, 0, 0, 0, 0, 0, 0, 0, 0, 0, 0, 0, 0, 0],
    &[0, 0, 0, 0, 0, 0, 0, 0, 0, 0, 0, 0, 0, 0],
    &[0, 0, 0, 0, 0, 0, 0, 0, 0, 0, 0, 0, 0, 0],
    &[0, 0, 0, 0, 0, 0, 0, 0, 0, 0, 0, 0, 0, 0],
    &[0, 0, 0, 0, 0, 0, 0, 0, 0, 0, 0, 0, 0, 0],
    &[0, 0, 0, 0, 0, 0, 0, 0, 0, 0, 0, 0, 0, 0],
]