&[
    &[0, 0, 0, 0, 0, 0, 0, 0, 0],
    &[0, 0, 0, 0, 0, 0, 0, 0, 0],
    &[0, 0, 0, 0, 0, 0, 0, 0, 0],
    &[0, 0, 0, 0, 0, 0, 0, 0, 0],
    &[61, 186, 186, 200, 227, 186, 186, 138, 0],
    &[0, 0, 0, 52, 155, 0, 0, 0, 0],
    &[0, 0, 0, 52, 155, 0, 0, 0, 0],
    &[0, 0, 0, 52, 155, 0, 0, 0, 0],
    &[0, 55, 117, 170, 255, 117, 104, 0, 0],
    &[0, 29, 61, 114, 216, 61, 54, 0, 0],
    &[0, 0, 0, 52, 155, 0, 0, 0, 0],
    &[0, 0, 0, 52, 155, 0, 0, 0, 0],
    &[0, 0, 0, 52, 155, 0, 0, 0, 0],
    &[0, 0, 0, 52, 155, 0, 0, 0, 0],
    &[0, 0, 0, 0, 0, 0, 0, 0, 0],
    &[0, 0, 0, 0, 0, 0, 0, 0, 0],
    &[0, 0, 0, 0, 0, 0, 0, 0, 0],
    &[0, 0, 0, 0, 0, 0, 0, 0, 0],
    &[0, 0, 0, 0, 0, 0, 0, 0, 0],
    &[0, 0, 0, 0, 0, 0, 0, 0, 0],
]