&[
    &[0, 0, 0, 0, 0, 0, 0, 0, 0, 0, 0, 0, 0, 0],
    &[0, 0, 0, 0, 0, 0, 0, 0, 0, 0, 0, 0, 0, 0],
    &[0, 0, 0, 0, 0, 0, 0, 0, 0, 0, 0, 0, 0, 0],
    &[0, 0, 0, 0, 0, 0, 0, 0, 0, 0, 0, 0, 0, 0],
    &[0, 0, 0, 0, 0, 0, 0, 0, 0, 0, 0, 0, 0, 0],
    &[0, 0, 0, 0, 0, 0, 0, 0, 0, 0, 0, 0, 0, 0],
    &[0, 96, 107, 107, 107, 107, 107, 107, 107, 107, 107, 107, 77, 0],
    &[0, 177, 198, 198, 198, 198, 242, 230, 198, 198, 198, 198, 142, 0],
    &[0, 0, 0, 0, 0, 0, 196, 145, 0, 0, 0, 0, 0, 0],
    &[0, 0, 0, 0, 0, 0, 196, 145, 0, 0, 0, 0, 0, 0],
    &[0, 0, 0, 0, 0, 0, 196, 145, 0, 0, 0, 0, 0, 0],
    &[0, 0, 0, 0, 0, 0, 196, 145, 0, 0, 0, 0, 0, 0],
    &[0, 0, 0, 0, 0, 0, 196, 145, 0, 0, 0, 0, 0, 0],
    &[0, 0, 0, 0, 0, 0, 196, 145, 0, 0, 0, 0, 0, 0],
    &[0, 0, 0, 0, 0, 0, 196, 145, 0, 0, 0, 0, 0, 0],
    &[0, 0, 0, 0, 0, 0, 196, 145, 0, 0, 0, 0, 0, 0],
    &[0, 0, 0, 0, 0, 0, 196, 145, 0, 0, 0, 0, 0, 0],
    &[0, 0, 0, 0, 0, 0, 196, 145, 0, 0, 0, 0, 0, 0],
    &[0, 0, 0, 0, 0, 0, 196, 145, 0, 0, 0, 0, 0, 0],
    &[0, 0, 0, 0, 0, 0, 196, 145, 0, 0, 0, 0, 0, 0],
    &[0, 0, 0, 0, 0, 0, 196, 145, 0, 0, 0, 0, 0, 0],
    &[0, 0, 0, 0, 0, 0, 196, 145, 0, 0, 0, 0, 0, 0],
    &[0, 0, 0, 0, 0, 0, 205, 152, 0, 0, 0, 0, 0, 0],
    &[0, 0, 0, 0, 0, 0, 201, 48, 0, 0, 0, 0, 0, 0],
    &[0, 0, 0, 0, 0, 69, 242, 112, 9, 0, 0, 0, 0, 0],
    &[0, 0, 0, 0, 0, 0, 30, 173, 157, 0, 0, 0, 0, 0],
    &[0, 0, 0, 0, 0, 0, 0, 86, 197, 0, 0, 0, 0, 0],
    &[0, 0, 0, 0, 49, 106, 125, 225, 96, 0, 0, 0, 0, 0],
    &[0, 0, 0, 0, 43, 127, 111, 44, 0, 0, 0, 0, 0, 0],
    &[0, 0, 0, 0, 0, 0, 0, 0, 0, 0, 0, 0, 0, 0],
    &[0, 0, 0, 0, 0, 0, 0, 0, 0, 0, 0, 0, 0, 0],
    &[0, 0, 0, 0, 0, 0, 0, 0, 0, 0, 0, 0, 0, 0],
]