&[
    &[0, 0, 0, 0, 0, 0, 0, 0, 0, 0, 0, 0, 0, 0, 0, 0, 0],
    &[0, 0, 0, 0, 0, 0, 0, 0, 0, 0, 0, 0, 0, 0, 0, 0, 0],
    &[0, 0, 0, 0, 0, 0, 0, 1, 3, 0, 0, 0, 0, 0, 0, 0, 0],
    &[0, 0, 0, 0, 0, 13, 165, 246, 249, 182, 29, 0, 0, 0, 0, 0, 0],
    &[0, 0, 0, 0, 0, 145, 254, 137, 121, 241, 192, 0, 0, 0, 0, 0, 0],
    &[0, 0, 0, 0, 0, 208, 196, 0, 0, 152, 252, 6, 0, 0, 0, 0, 0],
    &[0, 0, 0, 0, 0, 191, 230, 10, 4, 193, 239, 0, 0, 0, 0, 0, 0],
    &[0, 0, 0, 0, 0, 80, 254, 241, 232, 255, 122, 0, 0, 0, 0, 0, 0],
    &[0, 0, 0, 0, 0, 0, 56, 140, 145, 74, 0, 0, 0, 0, 0, 0, 0],
    &[0, 0, 0, 0, 0, 0, 0, 0, 0, 0, 0, 0, 0, 0, 0, 0, 0],
    &[0, 0, 117, 120, 54, 0, 0, 0, 0, 0, 0, 47, 120, 120, 4, 0, 0],
    &[0, 0, 249, 255, 116, 0, 0, 0, 0, 0, 0, 99, 255, 255, 10, 0, 0],
    &[0, 0, 249, 255, 116, 0, 0, 0, 0, 0, 0, 99, 255, 255, 10, 0, 0],
    &[0, 0, 249, 255, 116, 0, 0, 0, 0, 0, 0, 99, 255, 255, 10, 0, 0],
    &[0, 0, 249, 255, 116, 0, 0, 0, 0, 0, 0, 99, 255, 255, 10, 0, 0],
    &[0, 0, 249, 255, 116, 0, 0, 0, 0, 0, 0, 99, 255, 255, 10, 0, 0],
    &[0, 0, 249, 255, 116, 0, 0, 0, 0, 0, 0, 99, 255, 255, 10, 0, 0],
    &[0, 0, 249, 255, 116, 0, 0, 0, 0, 0, 0, 99, 255, 255, 10, 0, 0],
    &[0, 0, 249, 255, 116, 0, 0, 0, 0, 0, 0, 107, 255, 255, 10, 0, 0],
    &[0, 0, 249, 255, 117, 0, 0, 0, 0, 0, 0, 126, 255, 255, 10, 0, 0],
    &[0, 0, 243, 255, 137, 0, 0, 0, 0, 0, 0, 175, 255, 255, 10, 0, 0],
    &[0, 0, 219, 255, 190, 0, 0, 0, 0, 0, 24, 247, 255, 255, 10, 0, 0],
    &[0, 0, 154, 255, 255, 98, 0, 0, 0, 29, 198, 255, 255, 255, 10, 0, 0],
    &[0, 0, 37, 244, 255, 255, 224, 189, 205, 250, 246, 107, 255, 255, 10, 0, 0],
    &[0, 0, 0, 54, 204, 255, 255, 255, 255, 199, 63, 5, 249, 255, 10, 0, 0],
    &[0, 0, 0, 0, 0, 27, 59, 55, 25, 0, 0, 0, 0, 0, 0, 0, 0],
    &[0, 0, 0, 0, 0, 0, 0, 0, 0, 0, 0, 0, 0, 0, 0, 0, 0],
    &[0, 0, 0, 0, 0, 0, 0, 0, 0, 0, 0, 0, 0, 0, 0, 0, 0],
    &[0, 0, 0, 0, 0, 0, 0, 0, 0, 0, 0, 0, 0, 0, 0, 0, 0],
    &[0, 0, 0, 0, 0, 0, 0, 0, 0, 0, 0, 0, 0, 0, 0, 0, 0],
    &[0, 0, 0, 0, 0, 0, 0, 0, 0, 0, 0, 0, 0, 0, 0, 0, 0],
    &[0, 0, 0, 0, 0, 0, 0, 0, 0, 0, 0, 0, 0, 0, 0, 0, 0],
]