&[
    &[0, 0, 0, 0, 0, 0, 0, 0, 0, 0],
    &[0, 0, 0, 0, 0, 0, 0, 0, 0, 0],
    &[0, 0, 0, 0, 0, 0, 0, 0, 0, 0],
    &[0, 0, 0, 0, 0, 0, 0, 0, 0, 0],
    &[0, 0, 0, 156, 233, 39, 0, 0, 0, 0],
    &[0, 0, 0, 215, 255, 42, 0, 0, 0, 0],
    &[10, 102, 158, 252, 255, 199, 188, 188, 84, 0],
    &[38, 255, 255, 255, 255, 255, 255, 255, 114, 0],
    &[7, 47, 78, 255, 255, 82, 47, 47, 21, 0],
    &[17, 116, 155, 255, 255, 159, 116, 116, 61, 0],
    &[38, 255, 255, 255, 255, 255, 255, 255, 135, 0],
    &[1, 12, 51, 255, 255, 57, 12, 12, 6, 0],
    &[0, 0, 26, 255, 255, 99, 0, 0, 0, 0],
    &[0, 0, 1, 221, 255, 251, 208, 218, 131, 0],
    &[0, 0, 0, 54, 215, 255, 255, 253, 117, 0],
    &[0, 0, 0, 0, 0, 24, 35, 12, 0, 0],
    &[0, 0, 0, 0, 0, 0, 0, 0, 0, 0],
    &[0, 0, 0, 0, 0, 0, 0, 0, 0, 0],
]