&[
    &[0, 0, 0, 0, 0, 0, 0, 0, 0, 0, 0, 0, 0],
    &[0, 0, 0, 0, 0, 0, 0, 0, 0, 0, 0, 0, 0],
    &[0, 0, 0, 0, 0, 0, 0, 0, 0, 0, 0, 0, 0],
    &[0, 0, 0, 0, 0, 118, 139, 10, 68, 141, 56, 0, 0],
    &[0, 0, 0, 0, 64, 255, 127, 7, 222, 207, 8, 0, 0],
    &[0, 0, 0, 5, 209, 160, 1, 127, 223, 26, 0, 0, 0],
    &[0, 0, 0, 36, 106, 2, 0, 117, 27, 0, 0, 0, 0],
    &[0, 0, 27, 47, 6, 0, 0, 0, 0, 39, 41, 0, 0],
    &[0, 0, 147, 255, 34, 0, 0, 0, 0, 212, 225, 0, 0],
    &[0, 0, 147, 255, 34, 0, 0, 0, 0, 212, 225, 0, 0],
    &[0, 0, 147, 255, 34, 0, 0, 0, 0, 212, 225, 0, 0],
    &[0, 0, 147, 255, 34, 0, 0, 0, 0, 212, 225, 0, 0],
    &[0, 0, 147, 255, 34, 0, 0, 0, 0, 212, 225, 0, 0],
    &[0, 0, 147, 255, 34, 0, 0, 0, 0, 219, 225, 0, 0],
    &[0, 0, 144, 255, 41, 0, 0, 0, 3, 244, 225, 0, 0],
    &[0, 0, 115, 255, 86, 0, 0, 0, 75, 255, 225, 0, 0],
    &[0, 0, 44, 252, 226, 91, 58, 104, 231, 231, 225, 0, 0],
    &[0, 0, 0, 98, 239, 255, 255, 230, 87, 147, 225, 0, 0],
    &[0, 0, 0, 0, 2, 31, 32, 4, 0, 0, 0, 0, 0],
    &[0, 0, 0, 0, 0, 0, 0, 0, 0, 0, 0, 0, 0],
    &[0, 0, 0, 0, 0, 0, 0, 0, 0, 0, 0, 0, 0],
    &[0, 0, 0, 0, 0, 0, 0, 0, 0, 0, 0, 0, 0],
]