&[
    &[0, 0, 0, 0, 0, 0, 0],
    &[0, 0, 0, 0, 0, 0, 0],
    &[0, 0, 92, 70, 95, 66, 0],
    &[0, 65, 227, 107, 224, 31, 0],
    &[0, 55, 26, 56, 25, 1, 0],
    &[115, 255, 37, 0, 153, 254, 0],
    &[115, 255, 37, 0, 153, 254, 0],
    &[115, 255, 37, 0, 153, 254, 0],
    &[115, 255, 44, 0, 172, 254, 0],
    &[92, 255, 140, 85, 244, 254, 0],
    &[11, 203, 255, 230, 152, 254, 0],
    &[0, 0, 17, 2, 0, 0, 0],
    &[0, 0, 0, 0, 0, 0, 0],
    &[0, 0, 0, 0, 0, 0, 0],
    &[0, 0, 0, 0, 0, 0, 0],
    &[0, 0, 0, 0, 0, 0, 0],
]