&[
    &[0, 0, 0, 7, 215, 211, 10, 139, 238, 64, 0, 0],
    &[0, 0, 0, 119, 246, 56, 37, 249, 135, 0, 0, 0],
    &[0, 0, 32, 235, 74, 0, 189, 151, 1, 0, 0, 0],
    &[0, 0, 9, 17, 0, 0, 26, 0, 0, 0, 0, 0],
    &[0, 97, 144, 5, 0, 0, 0, 0, 92, 144, 10, 0],
    &[0, 171, 255, 10, 0, 0, 0, 0, 163, 255, 17, 0],
    &[0, 171, 255, 10, 0, 0, 0, 0, 163, 255, 17, 0],
    &[0, 171, 255, 10, 0, 0, 0, 0, 163, 255, 17, 0],
    &[0, 171, 255, 10, 0, 0, 0, 0, 163, 255, 17, 0],
    &[0, 171, 255, 10, 0, 0, 0, 0, 163, 255, 17, 0],
    &[0, 171, 255, 10, 0, 0, 0, 0, 163, 255, 17, 0],
    &[0, 171, 255, 10, 0, 0, 0, 0, 163, 255, 17, 0],
    &[0, 171, 255, 10, 0, 0, 0, 0, 163, 255, 17, 0],
    &[0, 164, 255, 16, 0, 0, 0, 0, 176, 255, 11, 0],
    &[0, 142, 255, 47, 0, 0, 0, 0, 206, 243, 0, 0],
    &[0, 82, 255, 138, 0, 0, 0, 36, 252, 181, 0, 0],
    &[0, 4, 214, 254, 151, 93, 115, 225, 252, 60, 0, 0],
    &[0, 0, 27, 183, 254, 255, 255, 219, 79, 0, 0, 0],
    &[0, 0, 0, 0, 15, 40, 24, 1, 0, 0, 0, 0],
    &[0, 0, 0, 0, 0, 0, 0, 0, 0, 0, 0, 0],
    &[0, 0, 0, 0, 0, 0, 0, 0, 0, 0, 0, 0],
    &[0, 0, 0, 0, 0, 0, 0, 0, 0, 0, 0, 0],
]