&[
    &[0, 0, 0, 0, 0, 0, 0, 0, 0, 0, 0, 0, 0, 0],
    &[0, 0, 0, 0, 0, 0, 0, 0, 0, 0, 0, 0, 0, 0],
    &[0, 0, 0, 0, 0, 0, 0, 0, 0, 0, 0, 0, 0, 0],
    &[0, 0, 0, 0, 0, 0, 0, 0, 0, 0, 0, 0, 0, 0],
    &[0, 0, 0, 0, 0, 0, 0, 0, 0, 0, 0, 0, 0, 0],
    &[0, 0, 0, 0, 0, 37, 158, 43, 0, 95, 143, 0, 0, 0],
    &[0, 0, 0, 0, 0, 179, 185, 1, 27, 243, 93, 0, 0, 0],
    &[0, 0, 0, 0, 87, 222, 19, 0, 180, 148, 0, 0, 0, 0],
    &[0, 0, 0, 29, 214, 38, 0, 106, 171, 3, 0, 0, 0, 0],
    &[0, 0, 0, 5, 8, 0, 0, 10, 2, 0, 0, 0, 0, 0],
    &[0, 0, 58, 21, 0, 0, 0, 0, 0, 0, 39, 41, 0, 0],
    &[0, 0, 249, 91, 0, 0, 0, 0, 0, 0, 166, 175, 0, 0],
    &[0, 0, 249, 91, 0, 0, 0, 0, 0, 0, 166, 175, 0, 0],
    &[0, 0, 249, 91, 0, 0, 0, 0, 0, 0, 166, 175, 0, 0],
    &[0, 0, 249, 91, 0, 0, 0, 0, 0, 0, 166, 175, 0, 0],
    &[0, 0, 249, 91, 0, 0, 0, 0, 0, 0, 166, 175, 0, 0],
    &[0, 0, 249, 91, 0, 0, 0, 0, 0, 0, 166, 175, 0, 0],
    &[0, 0, 249, 91, 0, 0, 0, 0, 0, 0, 169, 175, 0, 0],
    &[0, 0, 249, 95, 0, 0, 0, 0, 0, 0, 188, 175, 0, 0],
    &[0, 0, 235, 122, 0, 0, 0, 0, 0, 3, 239, 175, 0, 0],
    &[0, 0, 188, 193, 0, 0, 0, 0, 0, 100, 251, 175, 0, 0],
    &[0, 0, 80, 255, 135, 15, 0, 9, 106, 205, 145, 175, 0, 0],
    &[0, 0, 0, 108, 239, 255, 238, 252, 173, 27, 112, 175, 0, 0],
    &[0, 0, 0, 0, 4, 43, 52, 21, 0, 0, 0, 0, 0, 0],
    &[0, 0, 0, 0, 0, 0, 0, 0, 0, 0, 0, 0, 0, 0],
    &[0, 0, 0, 0, 0, 0, 0, 0, 0, 0, 0, 0, 0, 0],
    &[0, 0, 0, 0, 0, 0, 0, 0, 0, 0, 0, 0, 0, 0],
    &[0, 0, 0, 0, 0, 0, 0, 0, 0, 0, 0, 0, 0, 0],
    &[0, 0, 0, 0, 0, 0, 0, 0, 0, 0, 0, 0, 0, 0],
    &[0, 0, 0, 0, 0, 0, 0, 0, 0, 0, 0, 0, 0, 0],
    &[0, 0, 0, 0, 0, 0, 0, 0, 0, 0, 0, 0, 0, 0],
    &[0, 0, 0, 0, 0, 0, 0, 0, 0, 0, 0, 0, 0, 0],
]