&[
    &[0, 0, 0, 0, 0, 0, 0, 0, 0, 0, 0, 0, 0, 0, 0, 0, 0],
    &[0, 0, 0, 0, 0, 0, 0, 0, 0, 0, 0, 0, 0, 0, 0, 0, 0],
    &[0, 0, 0, 0, 0, 0, 0, 0, 0, 0, 0, 0, 0, 0, 0, 0, 0],
    &[0, 0, 0, 0, 0, 0, 0, 0, 0, 0, 0, 0, 0, 0, 0, 0, 0],
    &[0, 0, 0, 0, 0, 0, 0, 0, 0, 0, 0, 0, 0, 0, 0, 0, 0],
    &[0, 0, 0, 0, 0, 0, 25, 71, 71, 41, 0, 0, 0, 0, 0, 0, 0],
    &[0, 0, 0, 0, 0, 0, 85, 255, 255, 143, 0, 0, 0, 0, 0, 0, 0],
    &[0, 0, 0, 0, 0, 0, 77, 255, 255, 135, 0, 0, 0, 0, 0, 0, 0],
    &[0, 0, 0, 0, 0, 0, 69, 255, 255, 127, 0, 0, 0, 0, 0, 0, 0],
    &[0, 0, 0, 0, 0, 0, 61, 255, 255, 119, 0, 0, 0, 0, 0, 0, 0],
    &[0, 0, 0, 0, 0, 0, 53, 255, 255, 111, 0, 0, 0, 0, 0, 0, 0],
    &[0, 0, 0, 0, 0, 0, 45, 255, 255, 103, 0, 0, 0, 0, 0, 0, 0],
    &[0, 0, 0, 0, 0, 0, 37, 255, 255, 95, 0, 0, 0, 0, 0, 0, 0],
    &[0, 0, 0, 0, 0, 0, 29, 255, 255, 87, 0, 0, 0, 0, 0, 0, 0],
    &[0, 0, 0, 0, 0, 0, 21, 255, 255, 79, 0, 0, 0, 0, 0, 0, 0],
    &[0, 0, 0, 0, 0, 0, 13, 255, 255, 71, 0, 0, 0, 0, 0, 0, 0],
    &[0, 0, 0, 0, 0, 0, 5, 255, 255, 63, 0, 0, 0, 0, 0, 0, 0],
    &[0, 0, 0, 0, 0, 0, 0, 253, 255, 55, 0, 0, 0, 0, 0, 0, 0],
    &[0, 0, 0, 0, 0, 0, 0, 245, 255, 47, 0, 0, 0, 0, 0, 0, 0],
    &[0, 0, 0, 0, 0, 0, 0, 130, 139, 22, 0, 0, 0, 0, 0, 0, 0],
    &[0, 0, 0, 0, 0, 0, 0, 0, 0, 0, 0, 0, 0, 0, 0, 0, 0],
    &[0, 0, 0, 0, 0, 0, 0, 50, 67, 3, 0, 0, 0, 0, 0, 0, 0],
    &[0, 0, 0, 0, 0, 0, 92, 255, 255, 143, 0, 0, 0, 0, 0, 0, 0],
    &[0, 0, 0, 0, 0, 0, 137, 255, 255, 188, 0, 0, 0, 0, 0, 0, 0],
    &[0, 0, 0, 0, 0, 0, 72, 249, 254, 118, 0, 0, 0, 0, 0, 0, 0],
    &[0, 0, 0, 0, 0, 0, 0, 19, 32, 0, 0, 0, 0, 0, 0, 0, 0],
    &[0, 0, 0, 0, 0, 0, 0, 0, 0, 0, 0, 0, 0, 0, 0, 0, 0],
    &[0, 0, 0, 0, 0, 0, 0, 0, 0, 0, 0, 0, 0, 0, 0, 0, 0],
    &[0, 0, 0, 0, 0, 0, 0, 0, 0, 0, 0, 0, 0, 0, 0, 0, 0],
    &[0, 0, 0, 0, 0, 0, 0, 0, 0, 0, 0, 0, 0, 0, 0, 0, 0],
    &[0, 0, 0, 0, 0, 0, 0, 0, 0, 0, 0, 0, 0, 0, 0, 0, 0],
    &[0, 0, 0, 0, 0, 0, 0, 0, 0, 0, 0, 0, 0, 0, 0, 0, 0],
]