&[
    &[0, 0, 0, 0, 0, 0, 0, 0, 0, 0, 0, 0, 0, 0, 0, 0, 0, 0, 0, 0, 0, 0, 0, 0, 0, 0, 0, 0, 0, 0, 0, 0, 0],
    &[0, 0, 0, 0, 0, 0, 0, 0, 0, 0, 0, 0, 0, 0, 0, 0, 0, 0, 0, 0, 0, 0, 0, 0, 0, 0, 0, 0, 0, 0, 0, 0, 0],
    &[0, 0, 0, 0, 0, 0, 0, 0, 0, 0, 0, 0, 0, 0, 0, 0, 0, 0, 0, 0, 0, 0, 0, 0, 0, 0, 0, 0, 0, 0, 0, 0, 0],
    &[0, 0, 0, 0, 0, 0, 0, 0, 0, 0, 0, 0, 0, 0, 0, 0, 0, 0, 0, 0, 0, 0, 0, 0, 0, 0, 0, 0, 0, 0, 0, 0, 0],
    &[0, 0, 0, 0, 0, 0, 0, 0, 0, 0, 0, 0, 0, 0, 0, 0, 0, 0, 0, 0, 0, 0, 0, 0, 0, 0, 0, 0, 0, 0, 0, 0, 0],
    &[0, 0, 0, 0, 0, 0, 0, 0, 0, 0, 0, 0, 0, 0, 0, 0, 0, 0, 0, 0, 0, 0, 0, 0, 0, 0, 0, 0, 0, 0, 0, 0, 0],
    &[0, 0, 0, 0, 0, 0, 0, 0, 0, 0, 0, 0, 0, 0, 0, 0, 0, 0, 0, 0, 0, 0, 0, 0, 0, 0, 0, 0, 0, 0, 0, 0, 0],
    &[0, 0, 0, 0, 0, 0, 0, 0, 0, 0, 0, 0, 0, 0, 0, 0, 0, 0, 0, 0, 0, 0, 0, 0, 0, 0, 0, 0, 0, 0, 0, 0, 0],
    &[0, 0, 0, 0, 0, 0, 0, 0, 0, 0, 0, 0, 0, 0, 0, 0, 0, 0, 0, 0, 0, 0, 0, 0, 0, 0, 0, 0, 0, 0, 0, 0, 0],
    &[0, 0, 0, 0, 0, 0, 0, 0, 0, 0, 0, 0, 0, 0, 0, 0, 0, 0, 0, 0, 0, 0, 0, 0, 0, 0, 0, 0, 0, 0, 0, 0, 0],
    &[0, 0, 0, 0, 0, 0, 0, 0, 0, 0, 0, 0, 0, 0, 0, 0, 0, 0, 0, 0, 0, 0, 0, 0, 0, 0, 0, 0, 0, 0, 0, 0, 0],
    &[0, 0, 0, 4, 97, 180, 226, 246, 232, 196, 116, 12, 0, 0, 0, 0, 0, 0, 0, 0, 0, 0, 0, 0, 104, 142, 142, 18, 0, 0, 0, 0, 0],
    &[0, 0, 35, 212, 255, 255, 255, 255, 255, 255, 255, 228, 57, 0, 0, 0, 0, 0, 0, 0, 0, 0, 0, 36, 251, 255, 187, 0, 0, 0, 0, 0, 0],
    &[0, 24, 227, 255, 255, 185, 116, 71, 105, 163, 253, 255, 242, 47, 0, 0, 0, 0, 0, 0, 0, 0, 0, 163, 255, 255, 57, 0, 0, 0, 0, 0, 0],
    &[0, 171, 255, 255, 127, 0, 0, 0, 0, 0, 86, 248, 255, 207, 3, 0, 0, 0, 0, 0, 0, 0, 40, 252, 255, 183, 0, 0, 0, 0, 0, 0, 0],
    &[40, 255, 255, 181, 0, 0, 0, 0, 0, 0, 0, 133, 255, 255, 81, 0, 0, 0, 0, 0, 0, 0, 167, 255, 255, 53, 0, 0, 0, 0, 0, 0, 0],
    &[132, 255, 255, 73, 0, 0, 0, 0, 0, 0, 0, 31, 253, 255, 175, 0, 0, 0, 0, 0, 0, 43, 253, 255, 179, 0, 0, 0, 0, 0, 0, 0, 0],
    &[190, 255, 247, 1, 0, 0, 0, 0, 0, 0, 0, 0, 204, 255, 233, 0, 0, 0, 0, 0, 0, 171, 255, 254, 49, 0, 0, 0, 0, 0, 0, 0, 0],
    &[229, 255, 221, 0, 0, 0, 0, 0, 0, 0, 0, 0, 176, 255, 255, 18, 0, 0, 0, 0, 47, 254, 255, 174, 0, 0, 0, 0, 0, 0, 0, 0, 0],
    &[246, 255, 194, 0, 0, 0, 0, 0, 0, 0, 0, 0, 150, 255, 255, 34, 0, 0, 0, 0, 175, 255, 254, 46, 0, 0, 0, 0, 0, 0, 0, 0, 0],
    &[249, 255, 190, 0, 0, 0, 0, 0, 0, 0, 0, 0, 145, 255, 255, 37, 0, 0, 0, 51, 255, 255, 170, 0, 0, 0, 0, 0, 0, 0, 0, 0, 0],
    &[232, 255, 216, 0, 0, 0, 0, 0, 0, 0, 0, 0, 172, 255, 255, 22, 0, 0, 0, 180, 255, 253, 42, 0, 0, 0, 0, 0, 0, 0, 0, 0, 0],
    &[200, 255, 243, 0, 0, 0, 0, 0, 0, 0, 0, 0, 198, 255, 244, 2, 0, 0, 54, 255, 255, 166, 0, 0, 0, 0, 0, 0, 0, 0, 0, 0, 0],
    &[146, 255, 255, 51, 0, 0, 0, 0, 0, 0, 0, 16, 245, 255, 195, 0, 0, 0, 184, 255, 252, 39, 0, 0, 0, 0, 0, 0, 0, 0, 0, 0, 0],
    &[61, 255, 255, 156, 0, 0, 0, 0, 0, 0, 0, 111, 255, 255, 113, 0, 0, 58, 255, 255, 161, 0, 0, 0, 0, 0, 0, 0, 0, 0, 0, 0, 0],
    &[0, 204, 255, 246, 65, 0, 0, 0, 0, 0, 37, 228, 255, 241, 20, 0, 0, 188, 255, 251, 35, 0, 0, 0, 0, 0, 0, 0, 0, 0, 0, 0, 0],
    &[0, 49, 249, 255, 248, 107, 34, 0, 23, 85, 233, 255, 255, 106, 0, 0, 63, 255, 255, 157, 0, 0, 0, 0, 0, 0, 0, 0, 0, 0, 0, 0, 0],
    &[0, 0, 77, 248, 255, 255, 255, 243, 255, 255, 255, 255, 139, 0, 0, 0, 193, 255, 250, 32, 0, 0, 0, 0, 0, 0, 0, 0, 0, 0, 0, 0, 0],
    &[0, 0, 0, 38, 174, 248, 255, 255, 255, 255, 204, 76, 0, 0, 0, 67, 255, 255, 153, 0, 0, 0, 0, 0, 0, 0, 0, 0, 0, 0, 0, 0, 0],
    &[0, 0, 0, 0, 0, 13, 54, 75, 60, 26, 0, 0, 0, 0, 0, 197, 255, 249, 29, 0, 0, 0, 0, 0, 0, 0, 0, 0, 0, 0, 0, 0, 0],
    &[0, 0, 0, 0, 0, 0, 0, 0, 0, 0, 0, 0, 0, 0, 71, 255, 255, 148, 0, 0, 0, 0, 0, 0, 0, 0, 0, 0, 0, 0, 0, 0, 0],
    &[0, 0, 0, 0, 0, 0, 0, 0, 0, 0, 0, 0, 0, 0, 201, 255, 247, 27, 0, 0, 0, 0, 0, 0, 0, 0, 0, 0, 0, 0, 0, 0, 0],
    &[0, 0, 0, 0, 0, 0, 0, 0, 0, 0, 0, 0, 0, 75, 255, 255, 144, 0, 0, 0, 0, 34, 120, 177, 200, 195, 165, 93, 9, 0, 0, 0, 0],
    &[0, 0, 0, 0, 0, 0, 0, 0, 0, 0, 0, 0, 0, 205, 255, 246, 24, 0, 0, 2, 135, 250, 255, 255, 255, 255, 255, 255, 223, 63, 0, 0, 0],
    &[0, 0, 0, 0, 0, 0, 0, 0, 0, 0, 0, 0, 80, 255, 255, 140, 0, 0, 0, 157, 255, 255, 235, 171, 120, 136, 189, 252, 255, 246, 64, 0, 0],
    &[0, 0, 0, 0, 0, 0, 0, 0, 0, 0, 0, 1, 208, 255, 244, 21, 0, 0, 86, 255, 255, 207, 26, 0, 0, 0, 0, 78, 246, 255, 227, 14, 0],
    &[0, 0, 0, 0, 0, 0, 0, 0, 0, 0, 0, 84, 255, 255, 135, 0, 0, 1, 219, 255, 242, 16, 0, 0, 0, 0, 0, 0, 97, 255, 255, 121, 0],
    &[0, 0, 0, 0, 0, 0, 0, 0, 0, 0, 2, 212, 255, 242, 19, 0, 0, 61, 255, 255, 149, 0, 0, 0, 0, 0, 0, 0, 7, 236, 255, 220, 0],
    &[0, 0, 0, 0, 0, 0, 0, 0, 0, 0, 88, 255, 255, 131, 0, 0, 0, 123, 255, 255, 59, 0, 0, 0, 0, 0, 0, 0, 0, 154, 255, 255, 26],
    &[0, 0, 0, 0, 0, 0, 0, 0, 0, 3, 215, 255, 240, 17, 0, 0, 0, 168, 255, 255, 27, 0, 0, 0, 0, 0, 0, 0, 0, 122, 255, 255, 71],
    &[0, 0, 0, 0, 0, 0, 0, 0, 0, 93, 255, 255, 127, 0, 0, 0, 0, 185, 255, 253, 3, 0, 0, 0, 0, 0, 0, 0, 0, 96, 255, 255, 90],
    &[0, 0, 0, 0, 0, 0, 0, 0, 4, 219, 255, 238, 14, 0, 0, 0, 0, 193, 255, 245, 0, 0, 0, 0, 0, 0, 0, 0, 0, 85, 255, 255, 97],
    &[0, 0, 0, 0, 0, 0, 0, 0, 97, 255, 255, 123, 0, 0, 0, 0, 0, 177, 255, 255, 14, 0, 0, 0, 0, 0, 0, 0, 0, 109, 255, 255, 82],
    &[0, 0, 0, 0, 0, 0, 0, 5, 222, 255, 235, 12, 0, 0, 0, 0, 0, 150, 255, 255, 40, 0, 0, 0, 0, 0, 0, 0, 0, 136, 255, 255, 57],
    &[0, 0, 0, 0, 0, 0, 0, 101, 255, 255, 118, 0, 0, 0, 0, 0, 0, 97, 255, 255, 92, 0, 0, 0, 0, 0, 0, 0, 0, 188, 255, 252, 9],
    &[0, 0, 0, 0, 0, 0, 6, 225, 255, 233, 11, 0, 0, 0, 0, 0, 0, 25, 251, 255, 196, 0, 0, 0, 0, 0, 0, 0, 37, 254, 255, 188, 0],
    &[0, 0, 0, 0, 0, 0, 106, 255, 255, 114, 0, 0, 0, 0, 0, 0, 0, 0, 169, 255, 255, 76, 0, 0, 0, 0, 0, 2, 168, 255, 255, 85, 0],
    &[0, 0, 0, 0, 0, 7, 228, 255, 230, 9, 0, 0, 0, 0, 0, 0, 0, 0, 28, 241, 255, 250, 99, 9, 0, 0, 23, 172, 255, 255, 191, 0, 0],
    &[0, 0, 0, 0, 0, 110, 255, 255, 110, 0, 0, 0, 0, 0, 0, 0, 0, 0, 0, 66, 245, 255, 255, 250, 206, 223, 255, 255, 255, 216, 24, 0, 0],
    &[0, 0, 0, 0, 9, 231, 255, 228, 7, 0, 0, 0, 0, 0, 0, 0, 0, 0, 0, 0, 44, 190, 255, 255, 255, 255, 255, 250, 154, 18, 0, 0, 0],
    &[0, 0, 0, 0, 0, 0, 0, 0, 0, 0, 0, 0, 0, 0, 0, 0, 0, 0, 0, 0, 0, 0, 31, 91, 115, 109, 80, 15, 0, 0, 0, 0, 0],
    &[0, 0, 0, 0, 0, 0, 0, 0, 0, 0, 0, 0, 0, 0, 0, 0, 0, 0, 0, 0, 0, 0, 0, 0, 0, 0, 0, 0, 0, 0, 0, 0, 0],
    &[0, 0, 0, 0, 0, 0, 0, 0, 0, 0, 0, 0, 0, 0, 0, 0, 0, 0, 0, 0, 0, 0, 0, 0, 0, 0, 0, 0, 0, 0, 0, 0, 0],
    &[0, 0, 0, 0, 0, 0, 0, 0, 0, 0, 0, 0, 0, 0, 0, 0, 0, 0, 0, 0, 0, 0, 0, 0, 0, 0, 0, 0, 0, 0, 0, 0, 0],
    &[0, 0, 0, 0, 0, 0, 0, 0, 0, 0, 0, 0, 0, 0, 0, 0, 0, 0, 0, 0, 0, 0, 0, 0, 0, 0, 0, 0, 0, 0, 0, 0, 0],
    &[0, 0, 0, 0, 0, 0, 0, 0, 0, 0, 0, 0, 0, 0, 0, 0, 0, 0, 0, 0, 0, 0, 0, 0, 0, 0, 0, 0, 0, 0, 0, 0, 0],
    &[0, 0, 0, 0, 0, 0, 0, 0, 0, 0, 0, 0, 0, 0, 0, 0, 0, 0, 0, 0, 0, 0, 0, 0, 0, 0, 0, 0, 0, 0, 0, 0, 0],
    &[0, 0, 0, 0, 0, 0, 0, 0, 0, 0, 0, 0, 0, 0, 0, 0, 0, 0, 0, 0, 0, 0, 0, 0, 0, 0, 0, 0, 0, 0, 0, 0, 0],
    &[0, 0, 0, 0, 0, 0, 0, 0, 0, 0, 0, 0, 0, 0, 0, 0, 0, 0, 0, 0, 0, 0, 0, 0, 0, 0, 0, 0, 0, 0, 0, 0, 0],
    &[0, 0, 0, 0, 0, 0, 0, 0, 0, 0, 0, 0, 0, 0, 0, 0, 0, 0, 0, 0, 0, 0, 0, 0, 0, 0, 0, 0, 0, 0, 0, 0, 0],
    &[0, 0, 0, 0, 0, 0, 0, 0, 0, 0, 0, 0, 0, 0, 0, 0, 0, 0, 0, 0, 0, 0, 0, 0, 0, 0, 0, 0, 0, 0, 0, 0, 0],
    &[0, 0, 0, 0, 0, 0, 0, 0, 0, 0, 0, 0, 0, 0, 0, 0, 0, 0, 0, 0, 0, 0, 0, 0, 0, 0, 0, 0, 0, 0, 0, 0, 0],
    &[0, 0, 0, 0, 0, 0, 0, 0, 0, 0, 0, 0, 0, 0, 0, 0, 0, 0, 0, 0, 0, 0, 0, 0, 0, 0, 0, 0, 0, 0, 0, 0, 0],
    &[0, 0, 0, 0, 0, 0, 0, 0, 0, 0, 0, 0, 0, 0, 0, 0, 0, 0, 0, 0, 0, 0, 0, 0, 0, 0, 0, 0, 0, 0, 0, 0, 0],
]