&[
    &[0, 0, 0, 0, 0, 0, 0, 0, 0],
    &[0, 0, 0, 0, 0, 0, 0, 0, 0],
    &[0, 0, 0, 0, 0, 0, 0, 0, 0],
    &[0, 0, 0, 0, 0, 0, 0, 0, 0],
    &[0, 0, 0, 0, 122, 181, 0, 0, 0],
    &[0, 0, 0, 33, 247, 35, 0, 0, 0],
    &[0, 0, 0, 139, 181, 0, 0, 0, 0],
    &[0, 0, 0, 217, 103, 0, 0, 0, 0],
    &[0, 0, 15, 255, 48, 0, 0, 0, 0],
    &[0, 0, 38, 255, 24, 0, 0, 0, 0],
    &[0, 0, 44, 255, 19, 0, 0, 0, 0],
    &[0, 0, 24, 255, 39, 0, 0, 0, 0],
    &[0, 0, 0, 234, 88, 0, 0, 0, 0],
    &[0, 0, 0, 166, 158, 0, 0, 0, 0],
    &[0, 0, 0, 60, 245, 16, 0, 0, 0],
    &[0, 0, 0, 0, 164, 145, 0, 0, 0],
    &[0, 0, 0, 0, 11, 51, 0, 0, 0],
    &[0, 0, 0, 0, 0, 0, 0, 0, 0],
    &[0, 0, 0, 0, 0, 0, 0, 0, 0],
    &[0, 0, 0, 0, 0, 0, 0, 0, 0],
]