&[
    &[0, 0, 0, 0, 0, 0, 0, 0, 0, 0, 0, 0, 0, 0, 0, 0, 0, 0, 0, 0, 0, 0, 0, 0, 0, 0, 0, 0, 0, 0, 0, 0, 0],
    &[0, 0, 0, 0, 0, 0, 0, 0, 0, 0, 0, 0, 0, 0, 0, 0, 0, 0, 0, 0, 0, 0, 0, 0, 0, 0, 0, 0, 0, 0, 0, 0, 0],
    &[0, 0, 0, 0, 0, 0, 0, 0, 0, 0, 0, 0, 0, 0, 0, 0, 0, 0, 0, 0, 0, 0, 0, 0, 0, 0, 0, 0, 0, 0, 0, 0, 0],
    &[0, 0, 0, 0, 0, 0, 0, 0, 0, 0, 0, 0, 0, 0, 0, 0, 0, 0, 0, 0, 0, 0, 0, 0, 0, 0, 0, 0, 0, 0, 0, 0, 0],
    &[0, 0, 0, 0, 0, 0, 0, 0, 0, 0, 0, 0, 0, 0, 0, 0, 0, 0, 0, 0, 0, 0, 0, 0, 0, 0, 0, 0, 0, 0, 0, 0, 0],
    &[0, 0, 0, 0, 0, 0, 0, 0, 0, 0, 0, 0, 0, 0, 0, 0, 0, 0, 0, 0, 0, 0, 0, 0, 0, 0, 0, 0, 0, 0, 0, 0, 0],
    &[0, 0, 0, 0, 0, 0, 0, 0, 0, 0, 0, 0, 0, 0, 0, 0, 0, 0, 0, 0, 0, 0, 0, 0, 0, 0, 0, 0, 0, 0, 0, 0, 0],
    &[0, 0, 0, 0, 0, 0, 0, 0, 0, 0, 0, 0, 0, 0, 0, 0, 0, 0, 0, 0, 0, 0, 0, 0, 0, 0, 0, 0, 0, 0, 0, 0, 0],
    &[0, 0, 0, 0, 0, 0, 0, 0, 0, 0, 0, 0, 0, 0, 0, 0, 0, 0, 0, 0, 0, 0, 0, 0, 0, 0, 0, 0, 0, 0, 0, 0, 0],
    &[0, 0, 0, 0, 0, 0, 0, 0, 0, 0, 0, 0, 0, 0, 0, 0, 0, 0, 0, 0, 0, 0, 0, 0, 0, 0, 0, 0, 0, 0, 0, 0, 0],
    &[0, 0, 0, 0, 0, 0, 0, 0, 0, 0, 0, 0, 0, 0, 0, 0, 15, 10, 0, 0, 0, 0, 0, 0, 0, 0, 0, 0, 0, 0, 0, 0, 0],
    &[0, 0, 0, 0, 0, 0, 0, 0, 0, 0, 0, 22, 99, 177, 225, 248, 255, 255, 242, 216, 152, 74, 6, 0, 0, 0, 0, 0, 0, 0, 0, 0, 0],
    &[0, 0, 0, 0, 0, 0, 0, 0, 0, 11, 134, 249, 255, 255, 255, 255, 255, 255, 255, 255, 255, 255, 222, 79, 0, 0, 0, 0, 0, 0, 0, 0, 0],
    &[0, 0, 0, 0, 0, 0, 0, 0, 36, 225, 255, 255, 255, 254, 217, 176, 160, 165, 187, 236, 255, 255, 255, 255, 157, 1, 0, 0, 0, 0, 0, 0, 0],
    &[0, 0, 0, 0, 0, 0, 0, 28, 224, 255, 255, 246, 130, 27, 0, 0, 0, 0, 0, 0, 63, 186, 255, 255, 255, 147, 0, 0, 0, 0, 0, 0, 0],
    &[0, 0, 0, 0, 0, 0, 0, 182, 255, 255, 224, 38, 0, 0, 0, 0, 0, 0, 0, 0, 0, 0, 120, 255, 255, 255, 66, 0, 0, 0, 0, 0, 0],
    &[0, 0, 0, 0, 0, 0, 49, 255, 255, 250, 42, 0, 0, 0, 0, 0, 0, 0, 0, 0, 0, 0, 0, 158, 255, 255, 188, 0, 0, 0, 0, 0, 0],
    &[0, 0, 0, 0, 0, 0, 148, 255, 255, 158, 0, 0, 0, 0, 0, 0, 0, 0, 0, 0, 0, 0, 0, 28, 254, 255, 255, 24, 0, 0, 0, 0, 0],
    &[0, 0, 0, 0, 0, 0, 186, 255, 255, 83, 0, 0, 0, 0, 0, 0, 0, 0, 0, 0, 0, 0, 0, 0, 211, 255, 255, 59, 0, 0, 0, 0, 0],
    &[0, 0, 0, 0, 0, 0, 220, 255, 255, 51, 0, 0, 0, 0, 0, 0, 0, 0, 0, 0, 0, 0, 0, 0, 181, 255, 255, 92, 0, 0, 0, 0, 0],
    &[0, 0, 0, 0, 0, 0, 221, 255, 255, 54, 0, 0, 0, 0, 0, 0, 0, 0, 0, 0, 0, 0, 0, 0, 189, 255, 255, 90, 0, 0, 0, 0, 0],
    &[0, 0, 0, 0, 0, 0, 193, 255, 255, 86, 0, 0, 0, 0, 0, 0, 0, 0, 0, 0, 0, 0, 0, 0, 220, 255, 255, 64, 0, 0, 0, 0, 0],
    &[0, 0, 0, 0, 0, 0, 146, 255, 255, 156, 0, 0, 0, 0, 0, 0, 0, 0, 0, 0, 0, 0, 0, 42, 255, 255, 249, 10, 0, 0, 0, 0, 0],
    &[0, 0, 0, 0, 0, 0, 48, 255, 255, 249, 29, 0, 0, 0, 0, 0, 0, 0, 0, 0, 0, 0, 0, 161, 255, 255, 166, 0, 0, 0, 0, 0, 0],
    &[0, 0, 0, 0, 0, 0, 0, 179, 255, 255, 206, 12, 0, 0, 0, 0, 0, 0, 0, 0, 0, 0, 97, 255, 255, 245, 39, 0, 0, 0, 0, 0, 0],
    &[0, 0, 0, 0, 0, 0, 0, 21, 230, 255, 255, 203, 34, 0, 0, 0, 0, 0, 0, 0, 0, 118, 252, 255, 252, 89, 0, 0, 0, 0, 0, 0, 0],
    &[0, 0, 0, 0, 0, 0, 0, 0, 40, 226, 255, 255, 241, 116, 8, 0, 0, 0, 0, 45, 189, 255, 255, 240, 71, 0, 0, 0, 0, 0, 0, 0, 0],
    &[0, 0, 0, 0, 0, 0, 0, 0, 0, 27, 191, 255, 255, 255, 227, 115, 15, 47, 165, 252, 255, 255, 214, 41, 0, 0, 0, 0, 0, 0, 0, 0, 0],
    &[0, 0, 0, 0, 0, 0, 0, 0, 0, 0, 1, 108, 238, 255, 255, 255, 246, 255, 255, 255, 233, 106, 4, 0, 0, 0, 0, 0, 0, 0, 0, 0, 0],
    &[0, 0, 0, 0, 0, 0, 0, 0, 0, 0, 0, 0, 22, 211, 255, 255, 255, 255, 255, 232, 41, 0, 0, 0, 0, 0, 0, 0, 0, 0, 0, 0, 0],
    &[0, 0, 0, 0, 0, 0, 0, 0, 0, 0, 5, 108, 225, 255, 255, 255, 248, 255, 255, 255, 249, 154, 30, 0, 0, 0, 0, 0, 0, 0, 0, 0, 0],
    &[0, 0, 0, 0, 0, 0, 0, 0, 0, 54, 209, 255, 255, 255, 184, 67, 9, 102, 214, 255, 255, 255, 243, 111, 2, 0, 0, 0, 0, 0, 0, 0, 0],
    &[0, 0, 0, 0, 0, 0, 0, 0, 104, 252, 255, 255, 210, 64, 0, 0, 0, 0, 1, 80, 216, 255, 255, 255, 189, 14, 0, 0, 0, 0, 0, 0, 0],
    &[0, 0, 0, 0, 0, 0, 0, 122, 255, 255, 255, 140, 3, 0, 0, 0, 0, 0, 0, 0, 4, 112, 247, 255, 255, 208, 22, 0, 0, 0, 0, 0, 0],
    &[0, 0, 0, 0, 0, 0, 72, 254, 255, 255, 102, 0, 0, 0, 0, 0, 0, 0, 0, 0, 0, 0, 51, 225, 255, 255, 187, 1, 0, 0, 0, 0, 0],
    &[0, 0, 0, 0, 0, 13, 232, 255, 255, 142, 0, 0, 0, 0, 0, 0, 0, 0, 0, 0, 0, 0, 0, 37, 239, 255, 255, 111, 0, 0, 0, 0, 0],
    &[0, 0, 0, 0, 0, 100, 255, 255, 226, 4, 0, 0, 0, 0, 0, 0, 0, 0, 0, 0, 0, 0, 0, 0, 88, 255, 255, 224, 2, 0, 0, 0, 0],
    &[0, 0, 0, 0, 0, 197, 255, 255, 123, 0, 0, 0, 0, 0, 0, 0, 0, 0, 0, 0, 0, 0, 0, 0, 3, 226, 255, 255, 68, 0, 0, 0, 0],
    &[0, 0, 0, 0, 0, 245, 255, 255, 48, 0, 0, 0, 0, 0, 0, 0, 0, 0, 0, 0, 0, 0, 0, 0, 0, 157, 255, 255, 116, 0, 0, 0, 0],
    &[0, 0, 0, 0, 17, 255, 255, 255, 17, 0, 0, 0, 0, 0, 0, 0, 0, 0, 0, 0, 0, 0, 0, 0, 0, 127, 255, 255, 145, 0, 0, 0, 0],
    &[0, 0, 0, 0, 34, 255, 255, 252, 0, 0, 0, 0, 0, 0, 0, 0, 0, 0, 0, 0, 0, 0, 0, 0, 0, 119, 255, 255, 155, 0, 0, 0, 0],
    &[0, 0, 0, 0, 7, 254, 255, 255, 16, 0, 0, 0, 0, 0, 0, 0, 0, 0, 0, 0, 0, 0, 0, 0, 0, 143, 255, 255, 123, 0, 0, 0, 0],
    &[0, 0, 0, 0, 0, 229, 255, 255, 65, 0, 0, 0, 0, 0, 0, 0, 0, 0, 0, 0, 0, 0, 0, 0, 0, 201, 255, 255, 89, 0, 0, 0, 0],
    &[0, 0, 0, 0, 0, 175, 255, 255, 151, 0, 0, 0, 0, 0, 0, 0, 0, 0, 0, 0, 0, 0, 0, 0, 38, 254, 255, 251, 30, 0, 0, 0, 0],
    &[0, 0, 0, 0, 0, 65, 255, 255, 250, 39, 0, 0, 0, 0, 0, 0, 0, 0, 0, 0, 0, 0, 0, 1, 181, 255, 255, 165, 0, 0, 0, 0, 0],
    &[0, 0, 0, 0, 0, 0, 203, 255, 255, 218, 22, 0, 0, 0, 0, 0, 0, 0, 0, 0, 0, 0, 1, 145, 255, 255, 251, 47, 0, 0, 0, 0, 0],
    &[0, 0, 0, 0, 0, 0, 33, 233, 255, 255, 228, 71, 0, 0, 0, 0, 0, 0, 0, 0, 0, 38, 189, 255, 255, 255, 96, 0, 0, 0, 0, 0, 0],
    &[0, 0, 0, 0, 0, 0, 0, 55, 241, 255, 255, 255, 206, 125, 70, 45, 31, 43, 64, 115, 186, 254, 255, 255, 254, 118, 0, 0, 0, 0, 0, 0, 0],
    &[0, 0, 0, 0, 0, 0, 0, 0, 28, 180, 255, 255, 255, 255, 255, 255, 255, 255, 255, 255, 255, 255, 255, 210, 57, 0, 0, 0, 0, 0, 0, 0, 0],
    &[0, 0, 0, 0, 0, 0, 0, 0, 0, 0, 75, 166, 243, 255, 255, 255, 255, 255, 255, 255, 247, 177, 94, 4, 0, 0, 0, 0, 0, 0, 0, 0, 0],
    &[0, 0, 0, 0, 0, 0, 0, 0, 0, 0, 0, 0, 8, 62, 88, 113, 132, 113, 89, 65, 12, 0, 0, 0, 0, 0, 0, 0, 0, 0, 0, 0, 0],
    &[0, 0, 0, 0, 0, 0, 0, 0, 0, 0, 0, 0, 0, 0, 0, 0, 0, 0, 0, 0, 0, 0, 0, 0, 0, 0, 0, 0, 0, 0, 0, 0, 0],
    &[0, 0, 0, 0, 0, 0, 0, 0, 0, 0, 0, 0, 0, 0, 0, 0, 0, 0, 0, 0, 0, 0, 0, 0, 0, 0, 0, 0, 0, 0, 0, 0, 0],
    &[0, 0, 0, 0, 0, 0, 0, 0, 0, 0, 0, 0, 0, 0, 0, 0, 0, 0, 0, 0, 0, 0, 0, 0, 0, 0, 0, 0, 0, 0, 0, 0, 0],
    &[0, 0, 0, 0, 0, 0, 0, 0, 0, 0, 0, 0, 0, 0, 0, 0, 0, 0, 0, 0, 0, 0, 0, 0, 0, 0, 0, 0, 0, 0, 0, 0, 0],
    &[0, 0, 0, 0, 0, 0, 0, 0, 0, 0, 0, 0, 0, 0, 0, 0, 0, 0, 0, 0, 0, 0, 0, 0, 0, 0, 0, 0, 0, 0, 0, 0, 0],
    &[0, 0, 0, 0, 0, 0, 0, 0, 0, 0, 0, 0, 0, 0, 0, 0, 0, 0, 0, 0, 0, 0, 0, 0, 0, 0, 0, 0, 0, 0, 0, 0, 0],
    &[0, 0, 0, 0, 0, 0, 0, 0, 0, 0, 0, 0, 0, 0, 0, 0, 0, 0, 0, 0, 0, 0, 0, 0, 0, 0, 0, 0, 0, 0, 0, 0, 0],
    &[0, 0, 0, 0, 0, 0, 0, 0, 0, 0, 0, 0, 0, 0, 0, 0, 0, 0, 0, 0, 0, 0, 0, 0, 0, 0, 0, 0, 0, 0, 0, 0, 0],
    &[0, 0, 0, 0, 0, 0, 0, 0, 0, 0, 0, 0, 0, 0, 0, 0, 0, 0, 0, 0, 0, 0, 0, 0, 0, 0, 0, 0, 0, 0, 0, 0, 0],
    &[0, 0, 0, 0, 0, 0, 0, 0, 0, 0, 0, 0, 0, 0, 0, 0, 0, 0, 0, 0, 0, 0, 0, 0, 0, 0, 0, 0, 0, 0, 0, 0, 0],
    &[0, 0, 0, 0, 0, 0, 0, 0, 0, 0, 0, 0, 0, 0, 0, 0, 0, 0, 0, 0, 0, 0, 0, 0, 0, 0, 0, 0, 0, 0, 0, 0, 0],
    &[0, 0, 0, 0, 0, 0, 0, 0, 0, 0, 0, 0, 0, 0, 0, 0, 0, 0, 0, 0, 0, 0, 0, 0, 0, 0, 0, 0, 0, 0, 0, 0, 0],
    &[0, 0, 0, 0, 0, 0, 0, 0, 0, 0, 0, 0, 0, 0, 0, 0, 0, 0, 0, 0, 0, 0, 0, 0, 0, 0, 0, 0, 0, 0, 0, 0, 0],
]