&[
    &[0, 0, 0, 0, 0, 0, 0, 0, 0, 0, 0, 0, 0, 0, 0, 0, 0, 0, 0, 0, 0, 0, 0, 0, 0, 0, 0, 0, 0, 0, 0, 0, 0],
    &[0, 0, 0, 0, 0, 0, 0, 0, 0, 0, 0, 0, 0, 0, 0, 0, 0, 0, 0, 0, 0, 0, 0, 0, 0, 0, 0, 0, 0, 0, 0, 0, 0],
    &[0, 0, 0, 0, 0, 0, 0, 0, 0, 0, 0, 0, 0, 0, 0, 0, 0, 0, 0, 0, 0, 0, 0, 0, 0, 0, 0, 0, 0, 0, 0, 0, 0],
    &[0, 0, 0, 0, 0, 0, 0, 0, 0, 0, 0, 0, 0, 0, 0, 0, 0, 0, 0, 0, 0, 0, 0, 0, 0, 0, 0, 0, 0, 0, 0, 0, 0],
    &[0, 0, 0, 0, 0, 0, 0, 0, 0, 0, 0, 0, 0, 0, 0, 0, 0, 0, 0, 0, 0, 0, 0, 0, 0, 0, 0, 0, 0, 0, 0, 0, 0],
    &[0, 0, 0, 0, 0, 0, 0, 0, 0, 0, 0, 0, 0, 0, 0, 0, 0, 0, 0, 0, 0, 0, 0, 0, 0, 0, 0, 0, 0, 0, 0, 0, 0],
    &[0, 0, 0, 0, 0, 0, 0, 0, 0, 0, 0, 0, 0, 0, 0, 0, 0, 0, 0, 0, 0, 0, 0, 0, 0, 0, 0, 0, 0, 0, 0, 0, 0],
    &[0, 0, 0, 0, 0, 0, 0, 0, 0, 0, 0, 0, 0, 0, 0, 0, 0, 0, 0, 0, 0, 0, 0, 0, 0, 0, 0, 0, 0, 0, 0, 0, 0],
    &[0, 0, 0, 0, 0, 0, 0, 0, 0, 0, 0, 0, 0, 0, 0, 0, 0, 0, 0, 0, 0, 0, 0, 0, 0, 0, 0, 0, 0, 0, 0, 0, 0],
    &[0, 0, 0, 0, 0, 0, 0, 0, 0, 0, 0, 0, 0, 0, 0, 0, 0, 0, 0, 0, 0, 0, 0, 0, 0, 0, 0, 0, 0, 0, 0, 0, 0],
    &[0, 0, 0, 0, 0, 0, 0, 0, 0, 0, 0, 0, 0, 4, 21, 33, 18, 0, 0, 0, 0, 0, 0, 0, 0, 0, 0, 0, 0, 0, 0, 0, 0],
    &[0, 0, 0, 0, 0, 0, 0, 0, 0, 0, 65, 148, 210, 250, 255, 255, 255, 248, 221, 152, 68, 4, 0, 0, 0, 0, 0, 0, 0, 0, 0, 0, 0],
    &[0, 0, 0, 0, 0, 0, 0, 0, 67, 207, 255, 255, 255, 255, 255, 255, 255, 255, 255, 255, 255, 221, 73, 0, 0, 0, 0, 0, 0, 0, 0, 0, 0],
    &[0, 0, 0, 0, 0, 0, 2, 141, 254, 255, 255, 255, 255, 255, 255, 255, 255, 255, 255, 255, 255, 255, 255, 166, 7, 0, 0, 0, 0, 0, 0, 0, 0],
    &[0, 0, 0, 0, 0, 0, 162, 255, 255, 255, 255, 255, 255, 255, 255, 255, 255, 255, 255, 255, 255, 255, 255, 255, 182, 7, 0, 0, 0, 0, 0, 0, 0],
    &[0, 0, 0, 0, 0, 119, 255, 255, 255, 255, 255, 255, 255, 255, 255, 255, 255, 255, 255, 255, 255, 255, 255, 255, 255, 173, 0, 0, 0, 0, 0, 0, 0],
    &[0, 0, 0, 0, 35, 248, 255, 255, 255, 255, 255, 255, 255, 255, 255, 255, 255, 255, 255, 255, 255, 255, 255, 255, 255, 255, 88, 0, 0, 0, 0, 0, 0],
    &[0, 0, 0, 0, 164, 255, 255, 255, 255, 255, 255, 255, 255, 255, 245, 200, 213, 253, 255, 255, 255, 255, 255, 255, 255, 255, 232, 17, 0, 0, 0, 0, 0],
    &[0, 0, 0, 21, 249, 255, 255, 255, 255, 255, 255, 255, 240, 82, 3, 0, 0, 12, 112, 249, 255, 255, 255, 255, 255, 255, 255, 122, 0, 0, 0, 0, 0],
    &[0, 0, 0, 95, 255, 255, 255, 255, 255, 255, 255, 249, 40, 0, 0, 0, 0, 0, 0, 55, 249, 255, 255, 255, 255, 255, 255, 219, 0, 0, 0, 0, 0],
    &[0, 0, 0, 161, 255, 255, 255, 255, 255, 255, 255, 155, 0, 0, 0, 0, 0, 0, 0, 0, 147, 255, 255, 255, 255, 255, 255, 255, 62, 0, 0, 0, 0],
    &[0, 0, 0, 204, 255, 255, 255, 255, 255, 255, 255, 50, 0, 0, 0, 0, 0, 0, 0, 0, 24, 255, 255, 255, 255, 255, 255, 255, 140, 0, 0, 0, 0],
    &[0, 0, 0, 238, 255, 255, 255, 255, 255, 255, 255, 14, 0, 0, 0, 0, 0, 0, 0, 0, 0, 231, 255, 255, 255, 255, 255, 255, 192, 0, 0, 0, 0],
    &[0, 0, 0, 252, 255, 255, 255, 255, 255, 255, 241, 0, 0, 0, 0, 0, 0, 0, 0, 0, 0, 194, 255, 255, 255, 255, 255, 255, 242, 1, 0, 0, 0],
    &[0, 0, 3, 255, 255, 255, 255, 255, 255, 255, 227, 0, 0, 0, 0, 0, 0, 0, 0, 0, 0, 182, 255, 255, 255, 255, 255, 255, 255, 37, 0, 0, 0],
    &[0, 0, 0, 245, 255, 255, 255, 255, 255, 255, 251, 3, 0, 0, 0, 0, 0, 0, 0, 0, 0, 210, 255, 255, 255, 255, 255, 255, 255, 60, 0, 0, 0],
    &[0, 0, 0, 229, 255, 255, 255, 255, 255, 255, 255, 31, 0, 0, 0, 0, 0, 0, 0, 0, 28, 253, 255, 255, 255, 255, 255, 255, 255, 76, 0, 0, 0],
    &[0, 0, 0, 195, 255, 255, 255, 255, 255, 255, 255, 124, 0, 0, 0, 0, 0, 0, 0, 0, 142, 255, 255, 255, 255, 255, 255, 255, 255, 91, 0, 0, 0],
    &[0, 0, 0, 141, 255, 255, 255, 255, 255, 255, 255, 235, 21, 0, 0, 0, 0, 0, 0, 81, 254, 255, 255, 255, 255, 255, 255, 255, 255, 105, 0, 0, 0],
    &[0, 0, 0, 77, 255, 255, 255, 255, 255, 255, 255, 255, 227, 65, 3, 0, 0, 26, 138, 253, 255, 255, 255, 255, 255, 255, 255, 255, 255, 100, 0, 0, 0],
    &[0, 0, 0, 4, 229, 255, 255, 255, 255, 255, 255, 255, 255, 255, 247, 208, 220, 252, 255, 255, 255, 255, 255, 255, 255, 255, 255, 255, 255, 89, 0, 0, 0],
    &[0, 0, 0, 0, 120, 255, 255, 255, 255, 255, 255, 255, 255, 255, 255, 255, 255, 255, 255, 255, 255, 255, 255, 255, 255, 255, 255, 255, 255, 77, 0, 0, 0],
    &[0, 0, 0, 0, 5, 209, 255, 255, 255, 255, 255, 255, 255, 255, 255, 255, 255, 255, 255, 255, 255, 130, 255, 255, 255, 255, 255, 255, 255, 65, 0, 0, 0],
    &[0, 0, 0, 0, 0, 41, 231, 255, 255, 255, 255, 255, 255, 255, 255, 255, 255, 255, 255, 255, 145, 77, 255, 255, 255, 255, 255, 255, 255, 35, 0, 0, 0],
    &[0, 0, 0, 0, 0, 0, 38, 217, 255, 255, 255, 255, 255, 255, 255, 255, 255, 255, 254, 141, 1, 110, 255, 255, 255, 255, 255, 255, 248, 3, 0, 0, 0],
    &[0, 0, 0, 0, 0, 0, 0, 5, 113, 218, 255, 255, 255, 255, 255, 255, 255, 188, 64, 0, 0, 164, 255, 255, 255, 255, 255, 255, 212, 0, 0, 0, 0],
    &[0, 0, 0, 0, 0, 0, 0, 0, 0, 0, 37, 86, 108, 123, 109, 80, 23, 0, 0, 0, 0, 228, 255, 255, 255, 255, 255, 255, 169, 0, 0, 0, 0],
    &[0, 0, 0, 0, 0, 0, 0, 0, 0, 0, 0, 0, 0, 0, 0, 0, 0, 0, 0, 0, 50, 255, 255, 255, 255, 255, 255, 255, 100, 0, 0, 0, 0],
    &[0, 0, 0, 0, 0, 0, 0, 0, 0, 0, 0, 0, 0, 0, 0, 0, 0, 0, 0, 0, 158, 255, 255, 255, 255, 255, 255, 255, 26, 0, 0, 0, 0],
    &[0, 0, 0, 0, 0, 0, 0, 0, 0, 0, 0, 0, 0, 0, 0, 0, 0, 0, 0, 37, 247, 255, 255, 255, 255, 255, 255, 206, 0, 0, 0, 0, 0],
    &[0, 0, 0, 0, 0, 0, 0, 0, 0, 0, 0, 0, 0, 0, 0, 0, 0, 0, 4, 200, 255, 255, 255, 255, 255, 255, 255, 100, 0, 0, 0, 0, 0],
    &[0, 0, 0, 0, 0, 0, 0, 0, 0, 0, 0, 0, 0, 0, 0, 0, 0, 8, 172, 255, 255, 255, 255, 255, 255, 255, 229, 6, 0, 0, 0, 0, 0],
    &[0, 0, 0, 0, 0, 0, 0, 0, 0, 0, 0, 0, 0, 0, 0, 0, 54, 200, 255, 255, 255, 255, 255, 255, 255, 255, 112, 0, 0, 0, 0, 0, 0],
    &[0, 0, 0, 0, 0, 37, 54, 12, 0, 0, 0, 0, 1, 34, 101, 181, 255, 255, 255, 255, 255, 255, 255, 255, 255, 195, 3, 0, 0, 0, 0, 0, 0],
    &[0, 0, 0, 0, 0, 112, 255, 254, 239, 225, 217, 233, 251, 255, 255, 255, 255, 255, 255, 255, 255, 255, 255, 255, 240, 31, 0, 0, 0, 0, 0, 0, 0],
    &[0, 0, 0, 0, 0, 112, 255, 255, 255, 255, 255, 255, 255, 255, 255, 255, 255, 255, 255, 255, 255, 255, 255, 241, 62, 0, 0, 0, 0, 0, 0, 0, 0],
    &[0, 0, 0, 0, 0, 112, 255, 255, 255, 255, 255, 255, 255, 255, 255, 255, 255, 255, 255, 255, 255, 255, 234, 50, 0, 0, 0, 0, 0, 0, 0, 0, 0],
    &[0, 0, 0, 0, 0, 112, 255, 255, 255, 255, 255, 255, 255, 255, 255, 255, 255, 255, 255, 255, 255, 170, 27, 0, 0, 0, 0, 0, 0, 0, 0, 0, 0],
    &[0, 0, 0, 0, 0, 112, 255, 255, 255, 255, 255, 255, 255, 255, 255, 255, 255, 255, 254, 193, 70, 0, 0, 0, 0, 0, 0, 0, 0, 0, 0, 0, 0],
    &[0, 0, 0, 0, 0, 112, 255, 255, 255, 255, 255, 255, 255, 255, 255, 246, 199, 131, 35, 0, 0, 0, 0, 0, 0, 0, 0, 0, 0, 0, 0, 0, 0],
    &[0, 0, 0, 0, 0, 21, 74, 109, 124, 133, 131, 116, 101, 85, 46, 4, 0, 0, 0, 0, 0, 0, 0, 0, 0, 0, 0, 0, 0, 0, 0, 0, 0],
    &[0, 0, 0, 0, 0, 0, 0, 0, 0, 0, 0, 0, 0, 0, 0, 0, 0, 0, 0, 0, 0, 0, 0, 0, 0, 0, 0, 0, 0, 0, 0, 0, 0],
    &[0, 0, 0, 0, 0, 0, 0, 0, 0, 0, 0, 0, 0, 0, 0, 0, 0, 0, 0, 0, 0, 0, 0, 0, 0, 0, 0, 0, 0, 0, 0, 0, 0],
    &[0, 0, 0, 0, 0, 0, 0, 0, 0, 0, 0, 0, 0, 0, 0, 0, 0, 0, 0, 0, 0, 0, 0, 0, 0, 0, 0, 0, 0, 0, 0, 0, 0],
    &[0, 0, 0, 0, 0, 0, 0, 0, 0, 0, 0, 0, 0, 0, 0, 0, 0, 0, 0, 0, 0, 0, 0, 0, 0, 0, 0, 0, 0, 0, 0, 0, 0],
    &[0, 0, 0, 0, 0, 0, 0, 0, 0, 0, 0, 0, 0, 0, 0, 0, 0, 0, 0, 0, 0, 0, 0, 0, 0, 0, 0, 0, 0, 0, 0, 0, 0],
    &[0, 0, 0, 0, 0, 0, 0, 0, 0, 0, 0, 0, 0, 0, 0, 0, 0, 0, 0, 0, 0, 0, 0, 0, 0, 0, 0, 0, 0, 0, 0, 0, 0],
    &[0, 0, 0, 0, 0, 0, 0, 0, 0, 0, 0, 0, 0, 0, 0, 0, 0, 0, 0, 0, 0, 0, 0, 0, 0, 0, 0, 0, 0, 0, 0, 0, 0],
    &[0, 0, 0, 0, 0, 0, 0, 0, 0, 0, 0, 0, 0, 0, 0, 0, 0, 0, 0, 0, 0, 0, 0, 0, 0, 0, 0, 0, 0, 0, 0, 0, 0],
    &[0, 0, 0, 0, 0, 0, 0, 0, 0, 0, 0, 0, 0, 0, 0, 0, 0, 0, 0, 0, 0, 0, 0, 0, 0, 0, 0, 0, 0, 0, 0, 0, 0],
    &[0, 0, 0, 0, 0, 0, 0, 0, 0, 0, 0, 0, 0, 0, 0, 0, 0, 0, 0, 0, 0, 0, 0, 0, 0, 0, 0, 0, 0, 0, 0, 0, 0],
    &[0, 0, 0, 0, 0, 0, 0, 0, 0, 0, 0, 0, 0, 0, 0, 0, 0, 0, 0, 0, 0, 0, 0, 0, 0, 0, 0, 0, 0, 0, 0, 0, 0],
    &[0, 0, 0, 0, 0, 0, 0, 0, 0, 0, 0, 0, 0, 0, 0, 0, 0, 0, 0, 0, 0, 0, 0, 0, 0, 0, 0, 0, 0, 0, 0, 0, 0],
    &[0, 0, 0, 0, 0, 0, 0, 0, 0, 0, 0, 0, 0, 0, 0, 0, 0, 0, 0, 0, 0, 0, 0, 0, 0, 0, 0, 0, 0, 0, 0, 0, 0],
]