&[
    &[0, 0, 0, 0, 0, 0, 0, 0, 0, 0, 0, 0, 0],
    &[0, 0, 0, 0, 0, 0, 0, 0, 0, 0, 0, 0, 0],
    &[0, 0, 0, 0, 0, 0, 0, 0, 0, 0, 0, 0, 0],
    &[0, 0, 0, 0, 0, 0, 0, 0, 0, 0, 0, 0, 0],
    &[0, 0, 0, 0, 0, 0, 0, 0, 0, 0, 0, 0, 0],
    &[0, 0, 0, 0, 0, 0, 0, 0, 0, 0, 0, 0, 0],
    &[0, 0, 0, 0, 0, 0, 0, 0, 0, 0, 0, 0, 0],
    &[0, 0, 0, 0, 0, 0, 0, 0, 0, 0, 0, 0, 0],
    &[0, 0, 0, 0, 11, 131, 161, 74, 0, 0, 0, 0, 0],
    &[0, 0, 0, 0, 121, 255, 255, 249, 18, 0, 0, 0, 0],
    &[0, 0, 0, 0, 141, 255, 255, 255, 33, 0, 0, 0, 0],
    &[0, 0, 0, 0, 39, 216, 248, 149, 0, 0, 0, 0, 0],
    &[0, 0, 0, 0, 0, 0, 0, 0, 0, 0, 0, 0, 0],
    &[0, 0, 0, 0, 0, 0, 0, 0, 0, 0, 0, 0, 0],
    &[0, 0, 0, 0, 0, 0, 0, 0, 0, 0, 0, 0, 0],
    &[0, 0, 0, 0, 0, 0, 0, 0, 0, 0, 0, 0, 0],
    &[0, 0, 0, 0, 1, 82, 113, 37, 0, 0, 0, 0, 0],
    &[0, 0, 0, 0, 103, 255, 255, 237, 11, 0, 0, 0, 0],
    &[0, 0, 0, 0, 145, 255, 255, 255, 37, 0, 0, 0, 0],
    &[0, 0, 0, 0, 63, 246, 255, 195, 3, 0, 0, 0, 0],
    &[0, 0, 0, 0, 0, 18, 41, 3, 0, 0, 0, 0, 0],
    &[0, 0, 0, 0, 0, 0, 0, 0, 0, 0, 0, 0, 0],
    &[0, 0, 0, 0, 0, 0, 0, 0, 0, 0, 0, 0, 0],
    &[0, 0, 0, 0, 0, 0, 0, 0, 0, 0, 0, 0, 0],
]