&[
    &[0, 0, 0, 0, 0, 0, 0, 0, 0, 0, 0, 0, 0, 0, 0, 0, 0, 0, 0, 0, 0, 0, 0, 0, 0, 0, 0, 0, 0, 0, 0, 0, 0],
    &[0, 0, 0, 0, 0, 0, 0, 0, 0, 0, 0, 0, 0, 0, 0, 0, 0, 0, 0, 0, 0, 0, 0, 0, 0, 0, 0, 0, 0, 0, 0, 0, 0],
    &[0, 0, 0, 0, 0, 0, 0, 0, 0, 0, 0, 0, 0, 0, 0, 0, 0, 0, 0, 0, 0, 0, 0, 0, 0, 0, 0, 0, 0, 0, 0, 0, 0],
    &[0, 0, 0, 0, 0, 0, 0, 0, 0, 0, 0, 0, 0, 0, 0, 0, 0, 0, 0, 0, 0, 0, 0, 0, 0, 0, 0, 0, 0, 0, 0, 0, 0],
    &[0, 0, 0, 0, 0, 0, 0, 0, 0, 0, 0, 0, 0, 0, 0, 0, 0, 0, 0, 0, 0, 0, 0, 0, 0, 0, 0, 0, 0, 0, 0, 0, 0],
    &[0, 0, 0, 0, 0, 0, 0, 0, 0, 0, 0, 0, 0, 0, 0, 0, 0, 0, 0, 0, 0, 0, 0, 0, 0, 0, 0, 0, 0, 0, 0, 0, 0],
    &[0, 0, 0, 0, 0, 0, 0, 0, 0, 0, 0, 0, 0, 0, 0, 0, 0, 0, 0, 0, 0, 0, 0, 0, 0, 0, 0, 0, 0, 0, 0, 0, 0],
    &[0, 0, 0, 0, 0, 0, 0, 0, 0, 0, 0, 0, 0, 0, 0, 0, 0, 0, 0, 0, 0, 0, 0, 0, 0, 0, 0, 0, 0, 0, 0, 0, 0],
    &[0, 0, 0, 0, 0, 0, 0, 0, 0, 0, 0, 0, 0, 0, 0, 0, 0, 0, 0, 0, 0, 0, 0, 0, 0, 0, 0, 0, 0, 0, 0, 0, 0],
    &[0, 0, 0, 0, 0, 0, 0, 0, 0, 0, 0, 0, 0, 0, 0, 0, 0, 0, 0, 0, 0, 0, 0, 0, 0, 0, 0, 0, 0, 0, 0, 0, 0],
    &[0, 0, 0, 0, 0, 0, 0, 0, 0, 0, 0, 0, 0, 0, 0, 0, 0, 0, 0, 0, 0, 0, 0, 0, 0, 0, 0, 0, 0, 0, 0, 0, 0],
    &[0, 0, 0, 0, 0, 0, 0, 0, 0, 0, 0, 168, 183, 183, 183, 183, 183, 183, 183, 183, 183, 49, 0, 0, 0, 0, 0, 0, 0, 0, 0, 0, 0],
    &[0, 0, 0, 0, 0, 0, 0, 0, 0, 0, 40, 255, 255, 255, 255, 255, 255, 255, 255, 255, 255, 129, 0, 0, 0, 0, 0, 0, 0, 0, 0, 0, 0],
    &[0, 0, 0, 0, 0, 0, 0, 0, 0, 0, 110, 255, 255, 255, 255, 255, 255, 255, 255, 255, 255, 199, 0, 0, 0, 0, 0, 0, 0, 0, 0, 0, 0],
    &[0, 0, 0, 0, 0, 0, 0, 0, 0, 0, 180, 255, 255, 255, 255, 255, 255, 255, 255, 255, 255, 252, 17, 0, 0, 0, 0, 0, 0, 0, 0, 0, 0],
    &[0, 0, 0, 0, 0, 0, 0, 0, 0, 6, 244, 255, 255, 255, 255, 255, 255, 255, 255, 255, 255, 255, 85, 0, 0, 0, 0, 0, 0, 0, 0, 0, 0],
    &[0, 0, 0, 0, 0, 0, 0, 0, 0, 65, 255, 255, 255, 255, 255, 255, 255, 255, 255, 255, 255, 255, 155, 0, 0, 0, 0, 0, 0, 0, 0, 0, 0],
    &[0, 0, 0, 0, 0, 0, 0, 0, 0, 135, 255, 255, 255, 255, 255, 255, 221, 255, 255, 255, 255, 255, 226, 0, 0, 0, 0, 0, 0, 0, 0, 0, 0],
    &[0, 0, 0, 0, 0, 0, 0, 0, 0, 206, 255, 255, 255, 255, 255, 233, 131, 255, 255, 255, 255, 255, 255, 41, 0, 0, 0, 0, 0, 0, 0, 0, 0],
    &[0, 0, 0, 0, 0, 0, 0, 0, 21, 254, 255, 255, 255, 255, 255, 176, 73, 255, 255, 255, 255, 255, 255, 111, 0, 0, 0, 0, 0, 0, 0, 0, 0],
    &[0, 0, 0, 0, 0, 0, 0, 0, 90, 255, 255, 255, 255, 255, 255, 118, 15, 253, 255, 255, 255, 255, 255, 182, 0, 0, 0, 0, 0, 0, 0, 0, 0],
    &[0, 0, 0, 0, 0, 0, 0, 0, 161, 255, 255, 255, 255, 255, 255, 61, 0, 209, 255, 255, 255, 255, 255, 245, 7, 0, 0, 0, 0, 0, 0, 0, 0],
    &[0, 0, 0, 0, 0, 0, 0, 0, 230, 255, 255, 255, 255, 255, 248, 8, 0, 149, 255, 255, 255, 255, 255, 255, 68, 0, 0, 0, 0, 0, 0, 0, 0],
    &[0, 0, 0, 0, 0, 0, 0, 45, 255, 255, 255, 255, 255, 255, 194, 0, 0, 89, 255, 255, 255, 255, 255, 255, 138, 0, 0, 0, 0, 0, 0, 0, 0],
    &[0, 0, 0, 0, 0, 0, 0, 116, 255, 255, 255, 255, 255, 255, 131, 0, 0, 29, 255, 255, 255, 255, 255, 255, 209, 0, 0, 0, 0, 0, 0, 0, 0],
    &[0, 0, 0, 0, 0, 0, 0, 186, 255, 255, 255, 255, 255, 255, 68, 0, 0, 0, 223, 255, 255, 255, 255, 255, 255, 25, 0, 0, 0, 0, 0, 0, 0],
    &[0, 0, 0, 0, 0, 0, 9, 247, 255, 255, 255, 255, 255, 249, 10, 0, 0, 0, 162, 255, 255, 255, 255, 255, 255, 94, 0, 0, 0, 0, 0, 0, 0],
    &[0, 0, 0, 0, 0, 0, 71, 255, 255, 255, 255, 255, 255, 196, 0, 0, 0, 0, 100, 255, 255, 255, 255, 255, 255, 165, 0, 0, 0, 0, 0, 0, 0],
    &[0, 0, 0, 0, 0, 0, 141, 255, 255, 255, 255, 255, 255, 132, 0, 0, 0, 0, 38, 255, 255, 255, 255, 255, 255, 234, 1, 0, 0, 0, 0, 0, 0],
    &[0, 0, 0, 0, 0, 0, 211, 255, 255, 255, 255, 255, 255, 68, 0, 0, 0, 0, 0, 232, 255, 255, 255, 255, 255, 255, 50, 0, 0, 0, 0, 0, 0],
    &[0, 0, 0, 0, 0, 26, 255, 255, 255, 255, 255, 255, 250, 10, 0, 0, 0, 0, 0, 171, 255, 255, 255, 255, 255, 255, 121, 0, 0, 0, 0, 0, 0],
    &[0, 0, 0, 0, 0, 96, 255, 255, 255, 255, 255, 255, 196, 0, 0, 0, 0, 0, 0, 109, 255, 255, 255, 255, 255, 255, 192, 0, 0, 0, 0, 0, 0],
    &[0, 0, 0, 0, 0, 166, 255, 255, 255, 255, 255, 255, 133, 0, 0, 0, 0, 0, 0, 48, 255, 255, 255, 255, 255, 255, 250, 12, 0, 0, 0, 0, 0],
    &[0, 0, 0, 0, 1, 235, 255, 255, 255, 255, 255, 255, 78, 9, 9, 9, 9, 9, 9, 12, 249, 255, 255, 255, 255, 255, 255, 77, 0, 0, 0, 0, 0],
    &[0, 0, 0, 0, 51, 255, 255, 255, 255, 255, 255, 255, 255, 255, 255, 255, 255, 255, 255, 255, 255, 255, 255, 255, 255, 255, 255, 148, 0, 0, 0, 0, 0],
    &[0, 0, 0, 0, 121, 255, 255, 255, 255, 255, 255, 255, 255, 255, 255, 255, 255, 255, 255, 255, 255, 255, 255, 255, 255, 255, 255, 219, 0, 0, 0, 0, 0],
    &[0, 0, 0, 0, 192, 255, 255, 255, 255, 255, 255, 255, 255, 255, 255, 255, 255, 255, 255, 255, 255, 255, 255, 255, 255, 255, 255, 255, 33, 0, 0, 0, 0],
    &[0, 0, 0, 12, 250, 255, 255, 255, 255, 255, 255, 255, 255, 255, 255, 255, 255, 255, 255, 255, 255, 255, 255, 255, 255, 255, 255, 255, 104, 0, 0, 0, 0],
    &[0, 0, 0, 76, 255, 255, 255, 255, 255, 255, 255, 255, 255, 255, 255, 255, 255, 255, 255, 255, 255, 255, 255, 255, 255, 255, 255, 255, 175, 0, 0, 0, 0],
    &[0, 0, 0, 147, 255, 255, 255, 255, 255, 255, 255, 255, 255, 255, 255, 255, 255, 255, 255, 255, 255, 255, 255, 255, 255, 255, 255, 255, 241, 4, 0, 0, 0],
    &[0, 0, 0, 217, 255, 255, 255, 255, 255, 255, 247, 113, 113, 113, 113, 113, 113, 113, 113, 113, 113, 179, 255, 255, 255, 255, 255, 255, 255, 60, 0, 0, 0],
    &[0, 0, 31, 255, 255, 255, 255, 255, 255, 255, 70, 0, 0, 0, 0, 0, 0, 0, 0, 0, 0, 10, 250, 255, 255, 255, 255, 255, 255, 131, 0, 0, 0],
    &[0, 0, 102, 255, 255, 255, 255, 255, 255, 250, 11, 0, 0, 0, 0, 0, 0, 0, 0, 0, 0, 0, 198, 255, 255, 255, 255, 255, 255, 201, 0, 0, 0],
    &[0, 0, 172, 255, 255, 255, 255, 255, 255, 198, 0, 0, 0, 0, 0, 0, 0, 0, 0, 0, 0, 0, 137, 255, 255, 255, 255, 255, 255, 253, 19, 0, 0],
    &[0, 3, 239, 255, 255, 255, 255, 255, 255, 134, 0, 0, 0, 0, 0, 0, 0, 0, 0, 0, 0, 0, 75, 255, 255, 255, 255, 255, 255, 255, 87, 0, 0],
    &[0, 57, 255, 255, 255, 255, 255, 255, 255, 70, 0, 0, 0, 0, 0, 0, 0, 0, 0, 0, 0, 0, 16, 253, 255, 255, 255, 255, 255, 255, 157, 0, 0],
    &[0, 127, 255, 255, 255, 255, 255, 255, 251, 11, 0, 0, 0, 0, 0, 0, 0, 0, 0, 0, 0, 0, 0, 208, 255, 255, 255, 255, 255, 255, 228, 0, 0],
    &[0, 197, 255, 255, 255, 255, 255, 255, 199, 0, 0, 0, 0, 0, 0, 0, 0, 0, 0, 0, 0, 0, 0, 146, 255, 255, 255, 255, 255, 255, 255, 43, 0],
    &[15, 252, 255, 255, 255, 255, 255, 255, 135, 0, 0, 0, 0, 0, 0, 0, 0, 0, 0, 0, 0, 0, 0, 84, 255, 255, 255, 255, 255, 255, 255, 114, 0],
    &[82, 255, 255, 255, 255, 255, 255, 255, 71, 0, 0, 0, 0, 0, 0, 0, 0, 0, 0, 0, 0, 0, 0, 23, 255, 255, 255, 255, 255, 255, 255, 184, 0],
    &[0, 0, 0, 0, 0, 0, 0, 0, 0, 0, 0, 0, 0, 0, 0, 0, 0, 0, 0, 0, 0, 0, 0, 0, 0, 0, 0, 0, 0, 0, 0, 0, 0],
    &[0, 0, 0, 0, 0, 0, 0, 0, 0, 0, 0, 0, 0, 0, 0, 0, 0, 0, 0, 0, 0, 0, 0, 0, 0, 0, 0, 0, 0, 0, 0, 0, 0],
    &[0, 0, 0, 0, 0, 0, 0, 0, 0, 0, 0, 0, 0, 0, 0, 0, 0, 0, 0, 0, 0, 0, 0, 0, 0, 0, 0, 0, 0, 0, 0, 0, 0],
    &[0, 0, 0, 0, 0, 0, 0, 0, 0, 0, 0, 0, 0, 0, 0, 0, 0, 0, 0, 0, 0, 0, 0, 0, 0, 0, 0, 0, 0, 0, 0, 0, 0],
    &[0, 0, 0, 0, 0, 0, 0, 0, 0, 0, 0, 0, 0, 0, 0, 0, 0, 0, 0, 0, 0, 0, 0, 0, 0, 0, 0, 0, 0, 0, 0, 0, 0],
    &[0, 0, 0, 0, 0, 0, 0, 0, 0, 0, 0, 0, 0, 0, 0, 0, 0, 0, 0, 0, 0, 0, 0, 0, 0, 0, 0, 0, 0, 0, 0, 0, 0],
    &[0, 0, 0, 0, 0, 0, 0, 0, 0, 0, 0, 0, 0, 0, 0, 0, 0, 0, 0, 0, 0, 0, 0, 0, 0, 0, 0, 0, 0, 0, 0, 0, 0],
    &[0, 0, 0, 0, 0, 0, 0, 0, 0, 0, 0, 0, 0, 0, 0, 0, 0, 0, 0, 0, 0, 0, 0, 0, 0, 0, 0, 0, 0, 0, 0, 0, 0],
    &[0, 0, 0, 0, 0, 0, 0, 0, 0, 0, 0, 0, 0, 0, 0, 0, 0, 0, 0, 0, 0, 0, 0, 0, 0, 0, 0, 0, 0, 0, 0, 0, 0],
    &[0, 0, 0, 0, 0, 0, 0, 0, 0, 0, 0, 0, 0, 0, 0, 0, 0, 0, 0, 0, 0, 0, 0, 0, 0, 0, 0, 0, 0, 0, 0, 0, 0],
    &[0, 0, 0, 0, 0, 0, 0, 0, 0, 0, 0, 0, 0, 0, 0, 0, 0, 0, 0, 0, 0, 0, 0, 0, 0, 0, 0, 0, 0, 0, 0, 0, 0],
    &[0, 0, 0, 0, 0, 0, 0, 0, 0, 0, 0, 0, 0, 0, 0, 0, 0, 0, 0, 0, 0, 0, 0, 0, 0, 0, 0, 0, 0, 0, 0, 0, 0],
    &[0, 0, 0, 0, 0, 0, 0, 0, 0, 0, 0, 0, 0, 0, 0, 0, 0, 0, 0, 0, 0, 0, 0, 0, 0, 0, 0, 0, 0, 0, 0, 0, 0],
    &[0, 0, 0, 0, 0, 0, 0, 0, 0, 0, 0, 0, 0, 0, 0, 0, 0, 0, 0, 0, 0, 0, 0, 0, 0, 0, 0, 0, 0, 0, 0, 0, 0],
]