&[
    &[0, 0, 0, 0, 0, 0, 0, 0, 0, 0, 0, 0, 0, 0, 0, 0, 0, 0, 0, 0, 0, 0, 0, 0, 0, 0, 0, 0, 0, 0, 0, 0, 0],
    &[0, 0, 0, 0, 0, 0, 0, 0, 0, 0, 0, 0, 0, 0, 0, 0, 0, 0, 0, 0, 0, 0, 0, 0, 0, 0, 0, 0, 0, 0, 0, 0, 0],
    &[0, 0, 0, 0, 0, 0, 0, 0, 0, 0, 0, 0, 0, 0, 0, 0, 0, 0, 0, 0, 0, 0, 0, 0, 0, 0, 0, 0, 0, 0, 0, 0, 0],
    &[0, 0, 0, 0, 0, 0, 0, 0, 0, 0, 0, 0, 0, 0, 0, 0, 0, 0, 0, 0, 0, 0, 0, 0, 0, 0, 0, 0, 0, 0, 0, 0, 0],
    &[0, 0, 0, 0, 0, 0, 0, 0, 0, 0, 0, 0, 0, 0, 0, 0, 0, 0, 0, 0, 0, 0, 0, 0, 0, 0, 0, 0, 0, 0, 0, 0, 0],
    &[0, 0, 0, 0, 0, 0, 0, 0, 0, 0, 0, 0, 0, 0, 0, 0, 0, 0, 0, 0, 0, 0, 0, 0, 0, 0, 0, 0, 0, 0, 0, 0, 0],
    &[0, 0, 0, 0, 0, 0, 0, 0, 0, 0, 0, 0, 0, 0, 0, 0, 0, 0, 0, 0, 0, 0, 0, 0, 0, 0, 0, 0, 0, 0, 0, 0, 0],
    &[0, 0, 0, 0, 0, 0, 0, 0, 0, 0, 0, 0, 0, 0, 0, 0, 0, 0, 0, 0, 0, 0, 0, 0, 0, 0, 0, 0, 0, 0, 0, 0, 0],
    &[0, 0, 0, 0, 0, 0, 0, 0, 0, 0, 0, 0, 0, 0, 0, 0, 0, 0, 0, 0, 0, 0, 0, 0, 0, 0, 0, 0, 0, 0, 0, 0, 0],
    &[0, 0, 0, 0, 0, 0, 0, 0, 0, 0, 0, 0, 0, 0, 0, 0, 0, 0, 0, 0, 0, 0, 0, 0, 0, 0, 0, 0, 0, 0, 0, 0, 0],
    &[0, 0, 0, 0, 0, 0, 0, 0, 0, 0, 0, 0, 0, 0, 0, 0, 0, 0, 0, 0, 0, 0, 0, 0, 0, 0, 0, 0, 0, 0, 0, 0, 0],
    &[0, 0, 0, 73, 142, 142, 142, 142, 142, 142, 142, 142, 135, 121, 105, 66, 23, 0, 0, 0, 0, 0, 0, 0, 0, 0, 0, 0, 0, 0, 0, 0, 0],
    &[0, 0, 0, 132, 255, 255, 255, 255, 255, 255, 255, 255, 255, 255, 255, 255, 255, 215, 136, 41, 0, 0, 0, 0, 0, 0, 0, 0, 0, 0, 0, 0, 0],
    &[0, 0, 0, 132, 255, 255, 255, 255, 255, 255, 255, 255, 255, 255, 255, 255, 255, 255, 255, 254, 173, 38, 0, 0, 0, 0, 0, 0, 0, 0, 0, 0, 0],
    &[0, 0, 0, 132, 255, 255, 176, 50, 50, 50, 50, 52, 64, 78, 114, 158, 225, 255, 255, 255, 255, 245, 107, 0, 0, 0, 0, 0, 0, 0, 0, 0, 0],
    &[0, 0, 0, 132, 255, 255, 157, 0, 0, 0, 0, 0, 0, 0, 0, 0, 0, 52, 166, 252, 255, 255, 255, 142, 0, 0, 0, 0, 0, 0, 0, 0, 0],
    &[0, 0, 0, 132, 255, 255, 157, 0, 0, 0, 0, 0, 0, 0, 0, 0, 0, 0, 0, 51, 214, 255, 255, 255, 135, 0, 0, 0, 0, 0, 0, 0, 0],
    &[0, 0, 0, 132, 255, 255, 157, 0, 0, 0, 0, 0, 0, 0, 0, 0, 0, 0, 0, 0, 11, 190, 255, 255, 254, 78, 0, 0, 0, 0, 0, 0, 0],
    &[0, 0, 0, 132, 255, 255, 157, 0, 0, 0, 0, 0, 0, 0, 0, 0, 0, 0, 0, 0, 0, 9, 206, 255, 255, 232, 12, 0, 0, 0, 0, 0, 0],
    &[0, 0, 0, 132, 255, 255, 157, 0, 0, 0, 0, 0, 0, 0, 0, 0, 0, 0, 0, 0, 0, 0, 37, 245, 255, 255, 130, 0, 0, 0, 0, 0, 0],
    &[0, 0, 0, 132, 255, 255, 157, 0, 0, 0, 0, 0, 0, 0, 0, 0, 0, 0, 0, 0, 0, 0, 0, 134, 255, 255, 239, 8, 0, 0, 0, 0, 0],
    &[0, 0, 0, 132, 255, 255, 157, 0, 0, 0, 0, 0, 0, 0, 0, 0, 0, 0, 0, 0, 0, 0, 0, 17, 246, 255, 255, 89, 0, 0, 0, 0, 0],
    &[0, 0, 0, 132, 255, 255, 157, 0, 0, 0, 0, 0, 0, 0, 0, 0, 0, 0, 0, 0, 0, 0, 0, 0, 168, 255, 255, 175, 0, 0, 0, 0, 0],
    &[0, 0, 0, 132, 255, 255, 157, 0, 0, 0, 0, 0, 0, 0, 0, 0, 0, 0, 0, 0, 0, 0, 0, 0, 85, 255, 255, 237, 1, 0, 0, 0, 0],
    &[0, 0, 0, 132, 255, 255, 157, 0, 0, 0, 0, 0, 0, 0, 0, 0, 0, 0, 0, 0, 0, 0, 0, 0, 25, 255, 255, 255, 44, 0, 0, 0, 0],
    &[0, 0, 0, 132, 255, 255, 157, 0, 0, 0, 0, 0, 0, 0, 0, 0, 0, 0, 0, 0, 0, 0, 0, 0, 0, 226, 255, 255, 84, 0, 0, 0, 0],
    &[0, 0, 0, 132, 255, 255, 157, 0, 0, 0, 0, 0, 0, 0, 0, 0, 0, 0, 0, 0, 0, 0, 0, 0, 0, 191, 255, 255, 118, 0, 0, 0, 0],
    &[0, 0, 0, 132, 255, 255, 157, 0, 0, 0, 0, 0, 0, 0, 0, 0, 0, 0, 0, 0, 0, 0, 0, 0, 0, 160, 255, 255, 147, 0, 0, 0, 0],
    &[0, 0, 0, 132, 255, 255, 157, 0, 0, 0, 0, 0, 0, 0, 0, 0, 0, 0, 0, 0, 0, 0, 0, 0, 0, 143, 255, 255, 159, 0, 0, 0, 0],
    &[0, 0, 0, 132, 255, 255, 157, 0, 0, 0, 0, 0, 0, 0, 0, 0, 0, 0, 0, 0, 0, 0, 0, 0, 0, 133, 255, 255, 170, 0, 0, 0, 0],
    &[0, 0, 0, 132, 255, 255, 157, 0, 0, 0, 0, 0, 0, 0, 0, 0, 0, 0, 0, 0, 0, 0, 0, 0, 0, 127, 255, 255, 176, 0, 0, 0, 0],
    &[0, 0, 0, 132, 255, 255, 157, 0, 0, 0, 0, 0, 0, 0, 0, 0, 0, 0, 0, 0, 0, 0, 0, 0, 0, 140, 255, 255, 166, 0, 0, 0, 0],
    &[0, 0, 0, 132, 255, 255, 157, 0, 0, 0, 0, 0, 0, 0, 0, 0, 0, 0, 0, 0, 0, 0, 0, 0, 0, 154, 255, 255, 156, 0, 0, 0, 0],
    &[0, 0, 0, 132, 255, 255, 157, 0, 0, 0, 0, 0, 0, 0, 0, 0, 0, 0, 0, 0, 0, 0, 0, 0, 0, 169, 255, 255, 142, 0, 0, 0, 0],
    &[0, 0, 0, 132, 255, 255, 157, 0, 0, 0, 0, 0, 0, 0, 0, 0, 0, 0, 0, 0, 0, 0, 0, 0, 0, 192, 255, 255, 109, 0, 0, 0, 0],
    &[0, 0, 0, 132, 255, 255, 157, 0, 0, 0, 0, 0, 0, 0, 0, 0, 0, 0, 0, 0, 0, 0, 0, 0, 1, 240, 255, 255, 75, 0, 0, 0, 0],
    &[0, 0, 0, 132, 255, 255, 157, 0, 0, 0, 0, 0, 0, 0, 0, 0, 0, 0, 0, 0, 0, 0, 0, 0, 37, 255, 255, 255, 33, 0, 0, 0, 0],
    &[0, 0, 0, 132, 255, 255, 157, 0, 0, 0, 0, 0, 0, 0, 0, 0, 0, 0, 0, 0, 0, 0, 0, 0, 90, 255, 255, 227, 0, 0, 0, 0, 0],
    &[0, 0, 0, 132, 255, 255, 157, 0, 0, 0, 0, 0, 0, 0, 0, 0, 0, 0, 0, 0, 0, 0, 0, 0, 178, 255, 255, 163, 0, 0, 0, 0, 0],
    &[0, 0, 0, 132, 255, 255, 157, 0, 0, 0, 0, 0, 0, 0, 0, 0, 0, 0, 0, 0, 0, 0, 0, 27, 252, 255, 255, 77, 0, 0, 0, 0, 0],
    &[0, 0, 0, 132, 255, 255, 157, 0, 0, 0, 0, 0, 0, 0, 0, 0, 0, 0, 0, 0, 0, 0, 0, 130, 255, 255, 231, 4, 0, 0, 0, 0, 0],
    &[0, 0, 0, 132, 255, 255, 157, 0, 0, 0, 0, 0, 0, 0, 0, 0, 0, 0, 0, 0, 0, 0, 41, 247, 255, 255, 122, 0, 0, 0, 0, 0, 0],
    &[0, 0, 0, 132, 255, 255, 157, 0, 0, 0, 0, 0, 0, 0, 0, 0, 0, 0, 0, 0, 0, 3, 202, 255, 255, 228, 9, 0, 0, 0, 0, 0, 0],
    &[0, 0, 0, 132, 255, 255, 157, 0, 0, 0, 0, 0, 0, 0, 0, 0, 0, 0, 0, 0, 8, 174, 255, 255, 255, 80, 0, 0, 0, 0, 0, 0, 0],
    &[0, 0, 0, 132, 255, 255, 157, 0, 0, 0, 0, 0, 0, 0, 0, 0, 0, 0, 0, 21, 195, 255, 255, 255, 141, 0, 0, 0, 0, 0, 0, 0, 0],
    &[0, 0, 0, 132, 255, 255, 157, 0, 0, 0, 0, 0, 0, 0, 0, 0, 0, 15, 129, 242, 255, 255, 255, 161, 3, 0, 0, 0, 0, 0, 0, 0, 0],
    &[0, 0, 0, 132, 255, 255, 157, 0, 0, 0, 0, 0, 0, 5, 39, 104, 170, 240, 255, 255, 255, 254, 139, 1, 0, 0, 0, 0, 0, 0, 0, 0, 0],
    &[0, 0, 0, 132, 255, 255, 236, 206, 206, 206, 207, 222, 241, 255, 255, 255, 255, 255, 255, 255, 220, 66, 0, 0, 0, 0, 0, 0, 0, 0, 0, 0, 0],
    &[0, 0, 0, 132, 255, 255, 255, 255, 255, 255, 255, 255, 255, 255, 255, 255, 255, 255, 203, 92, 4, 0, 0, 0, 0, 0, 0, 0, 0, 0, 0, 0, 0],
    &[0, 0, 0, 132, 255, 255, 255, 255, 255, 255, 255, 251, 238, 225, 195, 152, 103, 29, 0, 0, 0, 0, 0, 0, 0, 0, 0, 0, 0, 0, 0, 0, 0],
    &[0, 0, 0, 0, 0, 0, 0, 0, 0, 0, 0, 0, 0, 0, 0, 0, 0, 0, 0, 0, 0, 0, 0, 0, 0, 0, 0, 0, 0, 0, 0, 0, 0],
    &[0, 0, 0, 0, 0, 0, 0, 0, 0, 0, 0, 0, 0, 0, 0, 0, 0, 0, 0, 0, 0, 0, 0, 0, 0, 0, 0, 0, 0, 0, 0, 0, 0],
    &[0, 0, 0, 0, 0, 0, 0, 0, 0, 0, 0, 0, 0, 0, 0, 0, 0, 0, 0, 0, 0, 0, 0, 0, 0, 0, 0, 0, 0, 0, 0, 0, 0],
    &[0, 0, 0, 0, 0, 0, 0, 0, 0, 0, 0, 0, 0, 0, 0, 0, 0, 0, 0, 0, 0, 0, 0, 0, 0, 0, 0, 0, 0, 0, 0, 0, 0],
    &[0, 0, 0, 0, 0, 0, 0, 0, 0, 0, 0, 0, 0, 0, 0, 0, 0, 0, 0, 0, 0, 0, 0, 0, 0, 0, 0, 0, 0, 0, 0, 0, 0],
    &[0, 0, 0, 0, 0, 0, 0, 0, 0, 0, 0, 0, 0, 0, 0, 0, 0, 0, 0, 0, 0, 0, 0, 0, 0, 0, 0, 0, 0, 0, 0, 0, 0],
    &[0, 0, 0, 0, 0, 0, 0, 0, 0, 0, 0, 0, 0, 0, 0, 0, 0, 0, 0, 0, 0, 0, 0, 0, 0, 0, 0, 0, 0, 0, 0, 0, 0],
    &[0, 0, 0, 0, 0, 0, 0, 0, 0, 0, 0, 0, 0, 0, 0, 0, 0, 0, 0, 0, 0, 0, 0, 0, 0, 0, 0, 0, 0, 0, 0, 0, 0],
    &[0, 0, 0, 0, 0, 0, 0, 0, 0, 0, 0, 0, 0, 0, 0, 0, 0, 0, 0, 0, 0, 0, 0, 0, 0, 0, 0, 0, 0, 0, 0, 0, 0],
    &[0, 0, 0, 0, 0, 0, 0, 0, 0, 0, 0, 0, 0, 0, 0, 0, 0, 0, 0, 0, 0, 0, 0, 0, 0, 0, 0, 0, 0, 0, 0, 0, 0],
    &[0, 0, 0, 0, 0, 0, 0, 0, 0, 0, 0, 0, 0, 0, 0, 0, 0, 0, 0, 0, 0, 0, 0, 0, 0, 0, 0, 0, 0, 0, 0, 0, 0],
    &[0, 0, 0, 0, 0, 0, 0, 0, 0, 0, 0, 0, 0, 0, 0, 0, 0, 0, 0, 0, 0, 0, 0, 0, 0, 0, 0, 0, 0, 0, 0, 0, 0],
    &[0, 0, 0, 0, 0, 0, 0, 0, 0, 0, 0, 0, 0, 0, 0, 0, 0, 0, 0, 0, 0, 0, 0, 0, 0, 0, 0, 0, 0, 0, 0, 0, 0],
    &[0, 0, 0, 0, 0, 0, 0, 0, 0, 0, 0, 0, 0, 0, 0, 0, 0, 0, 0, 0, 0, 0, 0, 0, 0, 0, 0, 0, 0, 0, 0, 0, 0],
]