&[
    &[0, 0, 0, 0, 0, 0, 0, 0, 0, 0, 0, 0, 0, 0, 0, 0, 0],
    &[0, 0, 0, 0, 0, 0, 0, 0, 0, 0, 0, 0, 0, 0, 0, 0, 0],
    &[0, 0, 0, 0, 0, 0, 0, 0, 0, 0, 0, 0, 0, 0, 0, 0, 0],
    &[0, 0, 0, 0, 0, 0, 0, 0, 0, 0, 0, 0, 0, 0, 0, 0, 0],
    &[0, 0, 0, 0, 0, 0, 0, 0, 0, 0, 0, 0, 0, 0, 0, 0, 0],
    &[0, 0, 59, 71, 71, 71, 71, 71, 71, 71, 71, 71, 71, 71, 22, 0, 0],
    &[0, 0, 214, 255, 255, 255, 255, 255, 255, 255, 255, 255, 255, 255, 79, 0, 0],
    &[0, 0, 214, 255, 255, 255, 255, 255, 255, 255, 255, 255, 255, 255, 79, 0, 0],
    &[0, 0, 214, 255, 255, 255, 255, 255, 255, 255, 255, 255, 255, 255, 79, 0, 0],
    &[0, 0, 214, 255, 255, 242, 24, 24, 24, 24, 24, 24, 24, 24, 7, 0, 0],
    &[0, 0, 214, 255, 255, 240, 0, 0, 0, 0, 0, 0, 0, 0, 0, 0, 0],
    &[0, 0, 214, 255, 255, 240, 0, 0, 0, 0, 0, 0, 0, 0, 0, 0, 0],
    &[0, 0, 214, 255, 255, 240, 0, 0, 0, 0, 0, 0, 0, 0, 0, 0, 0],
    &[0, 0, 214, 255, 255, 240, 0, 0, 0, 0, 0, 0, 0, 0, 0, 0, 0],
    &[0, 0, 214, 255, 255, 254, 225, 225, 225, 225, 225, 225, 225, 204, 0, 0, 0],
    &[0, 0, 214, 255, 255, 255, 255, 255, 255, 255, 255, 255, 255, 231, 0, 0, 0],
    &[0, 0, 214, 255, 255, 255, 255, 255, 255, 255, 255, 255, 255, 231, 0, 0, 0],
    &[0, 0, 214, 255, 255, 248, 126, 126, 126, 126, 126, 126, 126, 114, 0, 0, 0],
    &[0, 0, 214, 255, 255, 240, 0, 0, 0, 0, 0, 0, 0, 0, 0, 0, 0],
    &[0, 0, 214, 255, 255, 240, 0, 0, 0, 0, 0, 0, 0, 0, 0, 0, 0],
    &[0, 0, 214, 255, 255, 240, 0, 0, 0, 0, 0, 0, 0, 0, 0, 0, 0],
    &[0, 0, 214, 255, 255, 240, 0, 0, 0, 0, 0, 0, 0, 0, 0, 0, 0],
    &[0, 0, 214, 255, 255, 240, 0, 0, 0, 0, 0, 0, 0, 0, 0, 0, 0],
    &[0, 0, 214, 255, 255, 240, 0, 0, 0, 0, 0, 0, 0, 0, 0, 0, 0],
    &[0, 0, 214, 255, 255, 240, 0, 0, 0, 0, 0, 0, 0, 0, 0, 0, 0],
    &[0, 0, 0, 0, 0, 0, 0, 0, 0, 0, 0, 0, 0, 0, 0, 0, 0],
    &[0, 0, 0, 0, 0, 0, 0, 0, 0, 0, 0, 0, 0, 0, 0, 0, 0],
    &[0, 0, 0, 0, 0, 0, 0, 0, 0, 0, 0, 0, 0, 0, 0, 0, 0],
    &[0, 0, 0, 0, 0, 0, 0, 0, 0, 0, 0, 0, 0, 0, 0, 0, 0],
    &[0, 0, 0, 0, 0, 0, 0, 0, 0, 0, 0, 0, 0, 0, 0, 0, 0],
    &[0, 0, 0, 0, 0, 0, 0, 0, 0, 0, 0, 0, 0, 0, 0, 0, 0],
    &[0, 0, 0, 0, 0, 0, 0, 0, 0, 0, 0, 0, 0, 0, 0, 0, 0],
]