&[
    &[0, 0, 0, 0, 0, 0, 0, 0, 0, 0, 0, 0, 0],
    &[0, 0, 0, 0, 0, 0, 0, 0, 0, 0, 0, 0, 0],
    &[0, 0, 0, 0, 0, 0, 0, 0, 0, 0, 0, 0, 0],
    &[0, 0, 0, 0, 0, 0, 0, 0, 0, 0, 0, 0, 0],
    &[0, 0, 0, 0, 0, 0, 0, 0, 0, 0, 0, 0, 0],
    &[0, 0, 202, 254, 254, 254, 254, 254, 254, 254, 196, 0, 0],
    &[0, 0, 203, 122, 25, 25, 25, 25, 25, 25, 19, 0, 0],
    &[0, 0, 203, 108, 0, 0, 0, 0, 0, 0, 0, 0, 0],
    &[0, 0, 203, 108, 0, 0, 0, 0, 0, 0, 0, 0, 0],
    &[0, 0, 203, 108, 0, 0, 0, 0, 0, 0, 0, 0, 0],
    &[0, 0, 203, 108, 0, 0, 0, 0, 0, 0, 0, 0, 0],
    &[0, 0, 203, 108, 0, 0, 0, 0, 0, 0, 0, 0, 0],
    &[0, 0, 203, 215, 186, 186, 186, 186, 186, 186, 69, 0, 0],
    &[0, 0, 203, 161, 93, 93, 93, 93, 93, 93, 34, 0, 0],
    &[0, 0, 203, 108, 0, 0, 0, 0, 0, 0, 0, 0, 0],
    &[0, 0, 203, 108, 0, 0, 0, 0, 0, 0, 0, 0, 0],
    &[0, 0, 203, 108, 0, 0, 0, 0, 0, 0, 0, 0, 0],
    &[0, 0, 203, 108, 0, 0, 0, 0, 0, 0, 0, 0, 0],
    &[0, 0, 203, 108, 0, 0, 0, 0, 0, 0, 0, 0, 0],
    &[0, 0, 203, 108, 0, 0, 0, 0, 0, 0, 0, 0, 0],
    &[0, 0, 0, 0, 0, 0, 0, 0, 0, 0, 0, 0, 0],
    &[0, 0, 0, 0, 0, 0, 0, 0, 0, 0, 0, 0, 0],
    &[0, 0, 0, 0, 0, 0, 0, 0, 0, 0, 0, 0, 0],
    &[0, 0, 0, 0, 0, 0, 0, 0, 0, 0, 0, 0, 0],
]