&[
    &[0, 0, 0, 0, 0, 0, 0, 0, 0, 0, 0, 0, 0, 0, 0, 0, 0, 0, 0, 0, 0, 0, 0, 0, 0, 0, 0, 0, 0, 0, 0, 0, 0],
    &[0, 0, 0, 0, 0, 0, 0, 0, 0, 0, 0, 0, 0, 0, 0, 0, 0, 0, 0, 0, 0, 0, 0, 0, 0, 0, 0, 0, 0, 0, 0, 0, 0],
    &[0, 0, 0, 0, 0, 0, 0, 0, 0, 0, 0, 0, 0, 0, 0, 0, 0, 0, 0, 0, 0, 0, 0, 0, 0, 0, 0, 0, 0, 0, 0, 0, 0],
    &[0, 0, 0, 0, 0, 0, 0, 0, 0, 0, 0, 0, 0, 0, 0, 0, 0, 0, 0, 0, 0, 0, 0, 0, 0, 0, 0, 0, 0, 0, 0, 0, 0],
    &[0, 0, 0, 0, 0, 0, 0, 0, 0, 0, 0, 0, 0, 0, 0, 0, 0, 0, 0, 0, 0, 0, 0, 0, 0, 0, 0, 0, 0, 0, 0, 0, 0],
    &[0, 0, 0, 0, 0, 0, 0, 0, 0, 0, 0, 0, 0, 0, 0, 0, 0, 0, 0, 0, 0, 0, 0, 0, 0, 0, 0, 0, 0, 0, 0, 0, 0],
    &[0, 0, 0, 0, 0, 0, 0, 0, 0, 0, 0, 0, 0, 0, 0, 0, 0, 0, 0, 0, 0, 0, 0, 0, 0, 0, 0, 0, 0, 0, 0, 0, 0],
    &[0, 0, 0, 0, 0, 0, 0, 0, 0, 0, 0, 0, 0, 0, 0, 0, 0, 0, 0, 0, 0, 0, 0, 0, 0, 0, 0, 0, 0, 0, 0, 0, 0],
    &[0, 0, 0, 0, 0, 0, 0, 0, 0, 0, 0, 0, 0, 0, 0, 0, 0, 0, 0, 0, 0, 0, 0, 0, 0, 0, 0, 0, 0, 0, 0, 0, 0],
    &[0, 0, 0, 0, 0, 0, 0, 0, 0, 0, 0, 0, 0, 0, 0, 0, 0, 0, 0, 0, 0, 0, 0, 0, 0, 0, 0, 0, 0, 0, 0, 0, 0],
    &[0, 0, 0, 0, 0, 0, 0, 0, 0, 0, 0, 0, 0, 0, 0, 0, 0, 0, 0, 0, 0, 0, 0, 0, 0, 0, 0, 0, 0, 0, 0, 0, 0],
    &[0, 0, 81, 142, 142, 142, 142, 142, 142, 142, 36, 0, 0, 0, 0, 0, 0, 0, 0, 0, 0, 0, 122, 142, 142, 142, 142, 142, 142, 138, 0, 0, 0],
    &[0, 0, 145, 255, 255, 255, 255, 255, 255, 255, 66, 0, 0, 0, 0, 0, 0, 0, 0, 0, 0, 0, 220, 255, 255, 255, 255, 255, 255, 248, 0, 0, 0],
    &[0, 0, 145, 255, 255, 255, 255, 255, 255, 255, 66, 0, 0, 0, 0, 0, 0, 0, 0, 0, 0, 0, 220, 255, 255, 255, 255, 255, 255, 248, 0, 0, 0],
    &[0, 0, 145, 255, 255, 255, 255, 255, 255, 255, 66, 0, 0, 0, 0, 0, 0, 0, 0, 0, 0, 0, 220, 255, 255, 255, 255, 255, 255, 248, 0, 0, 0],
    &[0, 0, 145, 255, 255, 255, 255, 255, 255, 255, 66, 0, 0, 0, 0, 0, 0, 0, 0, 0, 0, 0, 220, 255, 255, 255, 255, 255, 255, 248, 0, 0, 0],
    &[0, 0, 145, 255, 255, 255, 255, 255, 255, 255, 66, 0, 0, 0, 0, 0, 0, 0, 0, 0, 0, 0, 220, 255, 255, 255, 255, 255, 255, 248, 0, 0, 0],
    &[0, 0, 145, 255, 255, 255, 255, 255, 255, 255, 66, 0, 0, 0, 0, 0, 0, 0, 0, 0, 0, 0, 220, 255, 255, 255, 255, 255, 255, 248, 0, 0, 0],
    &[0, 0, 145, 255, 255, 255, 255, 255, 255, 255, 66, 0, 0, 0, 0, 0, 0, 0, 0, 0, 0, 0, 220, 255, 255, 255, 255, 255, 255, 248, 0, 0, 0],
    &[0, 0, 145, 255, 255, 255, 255, 255, 255, 255, 66, 0, 0, 0, 0, 0, 0, 0, 0, 0, 0, 0, 220, 255, 255, 255, 255, 255, 255, 248, 0, 0, 0],
    &[0, 0, 145, 255, 255, 255, 255, 255, 255, 255, 66, 0, 0, 0, 0, 0, 0, 0, 0, 0, 0, 0, 220, 255, 255, 255, 255, 255, 255, 248, 0, 0, 0],
    &[0, 0, 145, 255, 255, 255, 255, 255, 255, 255, 66, 0, 0, 0, 0, 0, 0, 0, 0, 0, 0, 0, 220, 255, 255, 255, 255, 255, 255, 248, 0, 0, 0],
    &[0, 0, 145, 255, 255, 255, 255, 255, 255, 255, 66, 0, 0, 0, 0, 0, 0, 0, 0, 0, 0, 0, 220, 255, 255, 255, 255, 255, 255, 248, 0, 0, 0],
    &[0, 0, 145, 255, 255, 255, 255, 255, 255, 255, 66, 0, 0, 0, 0, 0, 0, 0, 0, 0, 0, 0, 220, 255, 255, 255, 255, 255, 255, 248, 0, 0, 0],
    &[0, 0, 145, 255, 255, 255, 255, 255, 255, 255, 66, 0, 0, 0, 0, 0, 0, 0, 0, 0, 0, 0, 220, 255, 255, 255, 255, 255, 255, 248, 0, 0, 0],
    &[0, 0, 145, 255, 255, 255, 255, 255, 255, 255, 66, 0, 0, 0, 0, 0, 0, 0, 0, 0, 0, 0, 220, 255, 255, 255, 255, 255, 255, 248, 0, 0, 0],
    &[0, 0, 145, 255, 255, 255, 255, 255, 255, 255, 159, 125, 125, 125, 125, 125, 125, 125, 125, 125, 125, 125, 237, 255, 255, 255, 255, 255, 255, 248, 0, 0, 0],
    &[0, 0, 145, 255, 255, 255, 255, 255, 255, 255, 255, 255, 255, 255, 255, 255, 255, 255, 255, 255, 255, 255, 255, 255, 255, 255, 255, 255, 255, 248, 0, 0, 0],
    &[0, 0, 145, 255, 255, 255, 255, 255, 255, 255, 255, 255, 255, 255, 255, 255, 255, 255, 255, 255, 255, 255, 255, 255, 255, 255, 255, 255, 255, 248, 0, 0, 0],
    &[0, 0, 145, 255, 255, 255, 255, 255, 255, 255, 255, 255, 255, 255, 255, 255, 255, 255, 255, 255, 255, 255, 255, 255, 255, 255, 255, 255, 255, 248, 0, 0, 0],
    &[0, 0, 145, 255, 255, 255, 255, 255, 255, 255, 255, 255, 255, 255, 255, 255, 255, 255, 255, 255, 255, 255, 255, 255, 255, 255, 255, 255, 255, 248, 0, 0, 0],
    &[0, 0, 145, 255, 255, 255, 255, 255, 255, 255, 255, 255, 255, 255, 255, 255, 255, 255, 255, 255, 255, 255, 255, 255, 255, 255, 255, 255, 255, 248, 0, 0, 0],
    &[0, 0, 145, 255, 255, 255, 255, 255, 255, 255, 255, 255, 255, 255, 255, 255, 255, 255, 255, 255, 255, 255, 255, 255, 255, 255, 255, 255, 255, 248, 0, 0, 0],
    &[0, 0, 145, 255, 255, 255, 255, 255, 255, 255, 115, 66, 66, 66, 66, 66, 66, 66, 66, 66, 66, 66, 229, 255, 255, 255, 255, 255, 255, 248, 0, 0, 0],
    &[0, 0, 145, 255, 255, 255, 255, 255, 255, 255, 66, 0, 0, 0, 0, 0, 0, 0, 0, 0, 0, 0, 220, 255, 255, 255, 255, 255, 255, 248, 0, 0, 0],
    &[0, 0, 145, 255, 255, 255, 255, 255, 255, 255, 66, 0, 0, 0, 0, 0, 0, 0, 0, 0, 0, 0, 220, 255, 255, 255, 255, 255, 255, 248, 0, 0, 0],
    &[0, 0, 145, 255, 255, 255, 255, 255, 255, 255, 66, 0, 0, 0, 0, 0, 0, 0, 0, 0, 0, 0, 220, 255, 255, 255, 255, 255, 255, 248, 0, 0, 0],
    &[0, 0, 145, 255, 255, 255, 255, 255, 255, 255, 66, 0, 0, 0, 0, 0, 0, 0, 0, 0, 0, 0, 220, 255, 255, 255, 255, 255, 255, 248, 0, 0, 0],
    &[0, 0, 145, 255, 255, 255, 255, 255, 255, 255, 66, 0, 0, 0, 0, 0, 0, 0, 0, 0, 0, 0, 220, 255, 255, 255, 255, 255, 255, 248, 0, 0, 0],
    &[0, 0, 145, 255, 255, 255, 255, 255, 255, 255, 66, 0, 0, 0, 0, 0, 0, 0, 0, 0, 0, 0, 220, 255, 255, 255, 255, 255, 255, 248, 0, 0, 0],
    &[0, 0, 145, 255, 255, 255, 255, 255, 255, 255, 66, 0, 0, 0, 0, 0, 0, 0, 0, 0, 0, 0, 220, 255, 255, 255, 255, 255, 255, 248, 0, 0, 0],
    &[0, 0, 145, 255, 255, 255, 255, 255, 255, 255, 66, 0, 0, 0, 0, 0, 0, 0, 0, 0, 0, 0, 220, 255, 255, 255, 255, 255, 255, 248, 0, 0, 0],
    &[0, 0, 145, 255, 255, 255, 255, 255, 255, 255, 66, 0, 0, 0, 0, 0, 0, 0, 0, 0, 0, 0, 220, 255, 255, 255, 255, 255, 255, 248, 0, 0, 0],
    &[0, 0, 145, 255, 255, 255, 255, 255, 255, 255, 66, 0, 0, 0, 0, 0, 0, 0, 0, 0, 0, 0, 220, 255, 255, 255, 255, 255, 255, 248, 0, 0, 0],
    &[0, 0, 145, 255, 255, 255, 255, 255, 255, 255, 66, 0, 0, 0, 0, 0, 0, 0, 0, 0, 0, 0, 220, 255, 255, 255, 255, 255, 255, 248, 0, 0, 0],
    &[0, 0, 145, 255, 255, 255, 255, 255, 255, 255, 66, 0, 0, 0, 0, 0, 0, 0, 0, 0, 0, 0, 220, 255, 255, 255, 255, 255, 255, 248, 0, 0, 0],
    &[0, 0, 145, 255, 255, 255, 255, 255, 255, 255, 66, 0, 0, 0, 0, 0, 0, 0, 0, 0, 0, 0, 220, 255, 255, 255, 255, 255, 255, 248, 0, 0, 0],
    &[0, 0, 145, 255, 255, 255, 255, 255, 255, 255, 66, 0, 0, 0, 0, 0, 0, 0, 0, 0, 0, 0, 220, 255, 255, 255, 255, 255, 255, 248, 0, 0, 0],
    &[0, 0, 145, 255, 255, 255, 255, 255, 255, 255, 66, 0, 0, 0, 0, 0, 0, 0, 0, 0, 0, 0, 220, 255, 255, 255, 255, 255, 255, 248, 0, 0, 0],
    &[0, 0, 145, 255, 255, 255, 255, 255, 255, 255, 66, 0, 0, 0, 0, 0, 0, 0, 0, 0, 0, 0, 220, 255, 255, 255, 255, 255, 255, 248, 0, 0, 0],
    &[0, 0, 0, 0, 0, 0, 0, 0, 0, 0, 0, 0, 0, 0, 0, 0, 0, 0, 0, 0, 0, 0, 0, 0, 0, 0, 0, 0, 0, 0, 0, 0, 0],
    &[0, 0, 0, 0, 0, 0, 0, 0, 0, 0, 0, 0, 0, 0, 0, 0, 0, 0, 0, 0, 0, 0, 0, 0, 0, 0, 0, 0, 0, 0, 0, 0, 0],
    &[0, 0, 0, 0, 0, 0, 0, 0, 0, 0, 0, 0, 0, 0, 0, 0, 0, 0, 0, 0, 0, 0, 0, 0, 0, 0, 0, 0, 0, 0, 0, 0, 0],
    &[0, 0, 0, 0, 0, 0, 0, 0, 0, 0, 0, 0, 0, 0, 0, 0, 0, 0, 0, 0, 0, 0, 0, 0, 0, 0, 0, 0, 0, 0, 0, 0, 0],
    &[0, 0, 0, 0, 0, 0, 0, 0, 0, 0, 0, 0, 0, 0, 0, 0, 0, 0, 0, 0, 0, 0, 0, 0, 0, 0, 0, 0, 0, 0, 0, 0, 0],
    &[0, 0, 0, 0, 0, 0, 0, 0, 0, 0, 0, 0, 0, 0, 0, 0, 0, 0, 0, 0, 0, 0, 0, 0, 0, 0, 0, 0, 0, 0, 0, 0, 0],
    &[0, 0, 0, 0, 0, 0, 0, 0, 0, 0, 0, 0, 0, 0, 0, 0, 0, 0, 0, 0, 0, 0, 0, 0, 0, 0, 0, 0, 0, 0, 0, 0, 0],
    &[0, 0, 0, 0, 0, 0, 0, 0, 0, 0, 0, 0, 0, 0, 0, 0, 0, 0, 0, 0, 0, 0, 0, 0, 0, 0, 0, 0, 0, 0, 0, 0, 0],
    &[0, 0, 0, 0, 0, 0, 0, 0, 0, 0, 0, 0, 0, 0, 0, 0, 0, 0, 0, 0, 0, 0, 0, 0, 0, 0, 0, 0, 0, 0, 0, 0, 0],
    &[0, 0, 0, 0, 0, 0, 0, 0, 0, 0, 0, 0, 0, 0, 0, 0, 0, 0, 0, 0, 0, 0, 0, 0, 0, 0, 0, 0, 0, 0, 0, 0, 0],
    &[0, 0, 0, 0, 0, 0, 0, 0, 0, 0, 0, 0, 0, 0, 0, 0, 0, 0, 0, 0, 0, 0, 0, 0, 0, 0, 0, 0, 0, 0, 0, 0, 0],
    &[0, 0, 0, 0, 0, 0, 0, 0, 0, 0, 0, 0, 0, 0, 0, 0, 0, 0, 0, 0, 0, 0, 0, 0, 0, 0, 0, 0, 0, 0, 0, 0, 0],
    &[0, 0, 0, 0, 0, 0, 0, 0, 0, 0, 0, 0, 0, 0, 0, 0, 0, 0, 0, 0, 0, 0, 0, 0, 0, 0, 0, 0, 0, 0, 0, 0, 0],
    &[0, 0, 0, 0, 0, 0, 0, 0, 0, 0, 0, 0, 0, 0, 0, 0, 0, 0, 0, 0, 0, 0, 0, 0, 0, 0, 0, 0, 0, 0, 0, 0, 0],
]