&[
    &[0, 0, 0, 0, 0, 0, 0, 0, 0],
    &[0, 0, 0, 0, 0, 0, 0, 0, 0],
    &[0, 0, 0, 0, 0, 0, 0, 0, 0],
    &[0, 0, 0, 0, 0, 0, 0, 0, 0],
    &[0, 16, 156, 187, 222, 162, 76, 0, 0],
    &[0, 0, 0, 52, 155, 0, 0, 0, 0],
    &[0, 0, 0, 52, 155, 0, 0, 0, 0],
    &[0, 0, 0, 52, 155, 0, 0, 0, 0],
    &[0, 0, 0, 52, 155, 0, 0, 0, 0],
    &[0, 0, 0, 52, 155, 0, 0, 0, 0],
    &[0, 0, 0, 52, 155, 0, 0, 0, 0],
    &[0, 0, 0, 52, 155, 0, 0, 0, 0],
    &[0, 0, 0, 52, 155, 0, 0, 0, 0],
    &[0, 16, 156, 187, 223, 162, 76, 0, 0],
    &[0, 0, 0, 0, 0, 0, 0, 0, 0],
    &[0, 0, 0, 0, 0, 0, 0, 0, 0],
    &[0, 0, 0, 0, 0, 0, 0, 0, 0],
    &[0, 0, 0, 0, 0, 0, 0, 0, 0],
    &[0, 0, 0, 0, 0, 0, 0, 0, 0],
    &[0, 0, 0, 0, 0, 0, 0, 0, 0],
]