&[
    &[0, 0, 0, 0, 0, 0, 0, 0, 0, 0, 0, 0, 0, 0, 0, 0, 0, 0, 0, 0, 0, 0, 0, 0, 0, 0, 0, 0, 0, 0, 0, 0, 0],
    &[0, 0, 0, 0, 0, 0, 0, 0, 0, 0, 0, 0, 0, 0, 0, 0, 0, 0, 0, 0, 0, 0, 0, 0, 0, 0, 0, 0, 0, 0, 0, 0, 0],
    &[0, 0, 0, 0, 0, 0, 0, 0, 0, 0, 0, 0, 0, 0, 0, 0, 0, 0, 0, 0, 0, 0, 0, 0, 0, 0, 0, 0, 0, 0, 0, 0, 0],
    &[0, 0, 0, 0, 0, 0, 0, 0, 0, 0, 0, 0, 0, 0, 0, 0, 0, 0, 0, 0, 0, 0, 0, 0, 0, 0, 0, 0, 0, 0, 0, 0, 0],
    &[0, 0, 0, 0, 0, 0, 0, 0, 0, 0, 0, 0, 0, 0, 0, 0, 0, 0, 0, 0, 0, 0, 0, 0, 0, 0, 0, 0, 0, 0, 0, 0, 0],
    &[0, 0, 0, 0, 0, 0, 0, 0, 0, 0, 0, 0, 0, 0, 0, 0, 0, 0, 0, 0, 0, 0, 0, 0, 0, 0, 0, 0, 0, 0, 0, 0, 0],
    &[0, 0, 0, 0, 0, 0, 0, 0, 0, 0, 0, 0, 0, 0, 0, 0, 0, 0, 0, 0, 0, 0, 0, 0, 0, 0, 0, 0, 0, 0, 0, 0, 0],
    &[0, 0, 0, 0, 0, 0, 0, 0, 0, 0, 0, 0, 0, 0, 0, 0, 0, 0, 0, 0, 0, 0, 0, 0, 0, 0, 0, 0, 0, 0, 0, 0, 0],
    &[0, 0, 0, 0, 0, 0, 0, 0, 0, 0, 0, 0, 0, 0, 0, 0, 0, 0, 0, 0, 0, 0, 0, 0, 0, 0, 0, 0, 0, 0, 0, 0, 0],
    &[0, 0, 0, 0, 0, 0, 0, 0, 0, 0, 0, 0, 0, 0, 0, 0, 0, 0, 0, 0, 0, 0, 0, 0, 0, 0, 0, 0, 0, 0, 0, 0, 0],
    &[0, 0, 0, 0, 0, 0, 0, 0, 0, 0, 0, 0, 0, 0, 0, 0, 0, 0, 0, 0, 0, 0, 0, 0, 0, 0, 0, 0, 0, 0, 0, 0, 0],
    &[0, 0, 81, 142, 142, 142, 142, 142, 142, 142, 13, 0, 0, 0, 0, 0, 0, 0, 0, 0, 0, 29, 142, 142, 142, 142, 142, 142, 142, 142, 52, 0, 0],
    &[0, 0, 145, 255, 255, 255, 255, 255, 255, 255, 25, 0, 0, 0, 0, 0, 0, 0, 0, 0, 0, 185, 255, 255, 255, 255, 255, 255, 255, 204, 5, 0, 0],
    &[0, 0, 145, 255, 255, 255, 255, 255, 255, 255, 25, 0, 0, 0, 0, 0, 0, 0, 0, 0, 100, 255, 255, 255, 255, 255, 255, 255, 245, 39, 0, 0, 0],
    &[0, 0, 145, 255, 255, 255, 255, 255, 255, 255, 25, 0, 0, 0, 0, 0, 0, 0, 0, 29, 241, 255, 255, 255, 255, 255, 255, 255, 104, 0, 0, 0, 0],
    &[0, 0, 145, 255, 255, 255, 255, 255, 255, 255, 25, 0, 0, 0, 0, 0, 0, 0, 0, 185, 255, 255, 255, 255, 255, 255, 255, 179, 0, 0, 0, 0, 0],
    &[0, 0, 145, 255, 255, 255, 255, 255, 255, 255, 25, 0, 0, 0, 0, 0, 0, 0, 100, 255, 255, 255, 255, 255, 255, 255, 233, 22, 0, 0, 0, 0, 0],
    &[0, 0, 145, 255, 255, 255, 255, 255, 255, 255, 25, 0, 0, 0, 0, 0, 0, 29, 241, 255, 255, 255, 255, 255, 255, 255, 75, 0, 0, 0, 0, 0, 0],
    &[0, 0, 145, 255, 255, 255, 255, 255, 255, 255, 25, 0, 0, 0, 0, 0, 0, 185, 255, 255, 255, 255, 255, 255, 255, 150, 0, 0, 0, 0, 0, 0, 0],
    &[0, 0, 145, 255, 255, 255, 255, 255, 255, 255, 25, 0, 0, 0, 0, 0, 100, 255, 255, 255, 255, 255, 255, 255, 215, 9, 0, 0, 0, 0, 0, 0, 0],
    &[0, 0, 145, 255, 255, 255, 255, 255, 255, 255, 25, 0, 0, 0, 0, 29, 241, 255, 255, 255, 255, 255, 255, 250, 50, 0, 0, 0, 0, 0, 0, 0, 0],
    &[0, 0, 145, 255, 255, 255, 255, 255, 255, 255, 25, 0, 0, 0, 0, 185, 255, 255, 255, 255, 255, 255, 255, 120, 0, 0, 0, 0, 0, 0, 0, 0, 0],
    &[0, 0, 145, 255, 255, 255, 255, 255, 255, 255, 25, 0, 0, 0, 100, 255, 255, 255, 255, 255, 255, 255, 193, 2, 0, 0, 0, 0, 0, 0, 0, 0, 0],
    &[0, 0, 145, 255, 255, 255, 255, 255, 255, 255, 25, 0, 0, 29, 241, 255, 255, 255, 255, 255, 255, 240, 30, 0, 0, 0, 0, 0, 0, 0, 0, 0, 0],
    &[0, 0, 145, 255, 255, 255, 255, 255, 255, 255, 25, 0, 0, 182, 255, 255, 255, 255, 255, 255, 255, 90, 0, 0, 0, 0, 0, 0, 0, 0, 0, 0, 0],
    &[0, 0, 145, 255, 255, 255, 255, 255, 255, 255, 25, 0, 91, 255, 255, 255, 255, 255, 255, 255, 166, 0, 0, 0, 0, 0, 0, 0, 0, 0, 0, 0, 0],
    &[0, 0, 145, 255, 255, 255, 255, 255, 255, 255, 25, 19, 234, 255, 255, 255, 255, 255, 255, 225, 16, 0, 0, 0, 0, 0, 0, 0, 0, 0, 0, 0, 0],
    &[0, 0, 145, 255, 255, 255, 255, 255, 255, 255, 25, 148, 255, 255, 255, 255, 255, 255, 253, 63, 0, 0, 0, 0, 0, 0, 0, 0, 0, 0, 0, 0, 0],
    &[0, 0, 145, 255, 255, 255, 255, 255, 255, 255, 62, 250, 255, 255, 255, 255, 255, 255, 154, 0, 0, 0, 0, 0, 0, 0, 0, 0, 0, 0, 0, 0, 0],
    &[0, 0, 145, 255, 255, 255, 255, 255, 255, 255, 197, 255, 255, 255, 255, 255, 255, 255, 218, 5, 0, 0, 0, 0, 0, 0, 0, 0, 0, 0, 0, 0, 0],
    &[0, 0, 145, 255, 255, 255, 255, 255, 255, 255, 255, 255, 255, 255, 255, 255, 255, 255, 255, 109, 0, 0, 0, 0, 0, 0, 0, 0, 0, 0, 0, 0, 0],
    &[0, 0, 145, 255, 255, 255, 255, 255, 255, 255, 255, 255, 255, 255, 255, 255, 255, 255, 255, 235, 15, 0, 0, 0, 0, 0, 0, 0, 0, 0, 0, 0, 0],
    &[0, 0, 145, 255, 255, 255, 255, 255, 255, 255, 255, 255, 255, 255, 255, 255, 255, 255, 255, 255, 137, 0, 0, 0, 0, 0, 0, 0, 0, 0, 0, 0, 0],
    &[0, 0, 145, 255, 255, 255, 255, 255, 255, 255, 255, 255, 255, 255, 255, 255, 255, 255, 255, 255, 247, 31, 0, 0, 0, 0, 0, 0, 0, 0, 0, 0, 0],
    &[0, 0, 145, 255, 255, 255, 255, 255, 255, 255, 255, 255, 234, 173, 255, 255, 255, 255, 255, 255, 255, 165, 0, 0, 0, 0, 0, 0, 0, 0, 0, 0, 0],
    &[0, 0, 145, 255, 255, 255, 255, 255, 255, 255, 255, 226, 39, 19, 241, 255, 255, 255, 255, 255, 255, 254, 52, 0, 0, 0, 0, 0, 0, 0, 0, 0, 0],
    &[0, 0, 145, 255, 255, 255, 255, 255, 255, 255, 217, 30, 0, 0, 125, 255, 255, 255, 255, 255, 255, 255, 193, 0, 0, 0, 0, 0, 0, 0, 0, 0, 0],
    &[0, 0, 145, 255, 255, 255, 255, 255, 255, 255, 38, 0, 0, 0, 12, 233, 255, 255, 255, 255, 255, 255, 255, 79, 0, 0, 0, 0, 0, 0, 0, 0, 0],
    &[0, 0, 145, 255, 255, 255, 255, 255, 255, 255, 25, 0, 0, 0, 0, 110, 255, 255, 255, 255, 255, 255, 255, 216, 4, 0, 0, 0, 0, 0, 0, 0, 0],
    &[0, 0, 145, 255, 255, 255, 255, 255, 255, 255, 25, 0, 0, 0, 0, 6, 224, 255, 255, 255, 255, 255, 255, 255, 107, 0, 0, 0, 0, 0, 0, 0, 0],
    &[0, 0, 145, 255, 255, 255, 255, 255, 255, 255, 25, 0, 0, 0, 0, 0, 95, 255, 255, 255, 255, 255, 255, 255, 234, 14, 0, 0, 0, 0, 0, 0, 0],
    &[0, 0, 145, 255, 255, 255, 255, 255, 255, 255, 25, 0, 0, 0, 0, 0, 2, 213, 255, 255, 255, 255, 255, 255, 255, 134, 0, 0, 0, 0, 0, 0, 0],
    &[0, 0, 145, 255, 255, 255, 255, 255, 255, 255, 25, 0, 0, 0, 0, 0, 0, 80, 255, 255, 255, 255, 255, 255, 255, 247, 29, 0, 0, 0, 0, 0, 0],
    &[0, 0, 145, 255, 255, 255, 255, 255, 255, 255, 25, 0, 0, 0, 0, 0, 0, 0, 200, 255, 255, 255, 255, 255, 255, 255, 162, 0, 0, 0, 0, 0, 0],
    &[0, 0, 145, 255, 255, 255, 255, 255, 255, 255, 25, 0, 0, 0, 0, 0, 0, 0, 65, 255, 255, 255, 255, 255, 255, 255, 254, 50, 0, 0, 0, 0, 0],
    &[0, 0, 145, 255, 255, 255, 255, 255, 255, 255, 25, 0, 0, 0, 0, 0, 0, 0, 0, 186, 255, 255, 255, 255, 255, 255, 255, 190, 0, 0, 0, 0, 0],
    &[0, 0, 145, 255, 255, 255, 255, 255, 255, 255, 25, 0, 0, 0, 0, 0, 0, 0, 0, 51, 254, 255, 255, 255, 255, 255, 255, 255, 76, 0, 0, 0, 0],
    &[0, 0, 145, 255, 255, 255, 255, 255, 255, 255, 25, 0, 0, 0, 0, 0, 0, 0, 0, 0, 171, 255, 255, 255, 255, 255, 255, 255, 214, 3, 0, 0, 0],
    &[0, 0, 145, 255, 255, 255, 255, 255, 255, 255, 25, 0, 0, 0, 0, 0, 0, 0, 0, 0, 39, 252, 255, 255, 255, 255, 255, 255, 255, 104, 0, 0, 0],
    &[0, 0, 145, 255, 255, 255, 255, 255, 255, 255, 25, 0, 0, 0, 0, 0, 0, 0, 0, 0, 0, 156, 255, 255, 255, 255, 255, 255, 255, 233, 13, 0, 0],
    &[0, 0, 0, 0, 0, 0, 0, 0, 0, 0, 0, 0, 0, 0, 0, 0, 0, 0, 0, 0, 0, 0, 0, 0, 0, 0, 0, 0, 0, 0, 0, 0, 0],
    &[0, 0, 0, 0, 0, 0, 0, 0, 0, 0, 0, 0, 0, 0, 0, 0, 0, 0, 0, 0, 0, 0, 0, 0, 0, 0, 0, 0, 0, 0, 0, 0, 0],
    &[0, 0, 0, 0, 0, 0, 0, 0, 0, 0, 0, 0, 0, 0, 0, 0, 0, 0, 0, 0, 0, 0, 0, 0, 0, 0, 0, 0, 0, 0, 0, 0, 0],
    &[0, 0, 0, 0, 0, 0, 0, 0, 0, 0, 0, 0, 0, 0, 0, 0, 0, 0, 0, 0, 0, 0, 0, 0, 0, 0, 0, 0, 0, 0, 0, 0, 0],
    &[0, 0, 0, 0, 0, 0, 0, 0, 0, 0, 0, 0, 0, 0, 0, 0, 0, 0, 0, 0, 0, 0, 0, 0, 0, 0, 0, 0, 0, 0, 0, 0, 0],
    &[0, 0, 0, 0, 0, 0, 0, 0, 0, 0, 0, 0, 0, 0, 0, 0, 0, 0, 0, 0, 0, 0, 0, 0, 0, 0, 0, 0, 0, 0, 0, 0, 0],
    &[0, 0, 0, 0, 0, 0, 0, 0, 0, 0, 0, 0, 0, 0, 0, 0, 0, 0, 0, 0, 0, 0, 0, 0, 0, 0, 0, 0, 0, 0, 0, 0, 0],
    &[0, 0, 0, 0, 0, 0, 0, 0, 0, 0, 0, 0, 0, 0, 0, 0, 0, 0, 0, 0, 0, 0, 0, 0, 0, 0, 0, 0, 0, 0, 0, 0, 0],
    &[0, 0, 0, 0, 0, 0, 0, 0, 0, 0, 0, 0, 0, 0, 0, 0, 0, 0, 0, 0, 0, 0, 0, 0, 0, 0, 0, 0, 0, 0, 0, 0, 0],
    &[0, 0, 0, 0, 0, 0, 0, 0, 0, 0, 0, 0, 0, 0, 0, 0, 0, 0, 0, 0, 0, 0, 0, 0, 0, 0, 0, 0, 0, 0, 0, 0, 0],
    &[0, 0, 0, 0, 0, 0, 0, 0, 0, 0, 0, 0, 0, 0, 0, 0, 0, 0, 0, 0, 0, 0, 0, 0, 0, 0, 0, 0, 0, 0, 0, 0, 0],
    &[0, 0, 0, 0, 0, 0, 0, 0, 0, 0, 0, 0, 0, 0, 0, 0, 0, 0, 0, 0, 0, 0, 0, 0, 0, 0, 0, 0, 0, 0, 0, 0, 0],
    &[0, 0, 0, 0, 0, 0, 0, 0, 0, 0, 0, 0, 0, 0, 0, 0, 0, 0, 0, 0, 0, 0, 0, 0, 0, 0, 0, 0, 0, 0, 0, 0, 0],
    &[0, 0, 0, 0, 0, 0, 0, 0, 0, 0, 0, 0, 0, 0, 0, 0, 0, 0, 0, 0, 0, 0, 0, 0, 0, 0, 0, 0, 0, 0, 0, 0, 0],
]