&[
    &[0, 0, 0, 0, 0, 0, 0],
    &[0, 0, 0, 0, 0, 0, 0],
    &[0, 0, 0, 0, 0, 0, 0],
    &[110, 218, 12, 1, 174, 192, 9],
    &[129, 255, 14, 108, 254, 70, 0],
    &[129, 255, 49, 244, 144, 0, 0],
    &[129, 255, 197, 231, 8, 0, 0],
    &[129, 255, 247, 255, 56, 0, 0],
    &[129, 255, 45, 225, 197, 0, 0],
    &[129, 255, 14, 97, 255, 84, 0],
    &[129, 255, 14, 3, 215, 219, 5],
    &[0, 0, 0, 0, 0, 0, 0],
    &[0, 0, 0, 0, 0, 0, 0],
    &[0, 0, 0, 0, 0, 0, 0],
    &[0, 0, 0, 0, 0, 0, 0],
    &[0, 0, 0, 0, 0, 0, 0],
]