&[
    &[0, 0, 0, 0, 0, 0, 0, 0, 0, 0, 0, 0, 0, 0, 0, 0, 0, 0, 0, 0, 0, 0, 0, 0, 0, 0, 0, 0, 0, 0, 0, 0, 0],
    &[0, 0, 0, 0, 0, 0, 0, 0, 0, 0, 0, 0, 0, 0, 0, 0, 0, 0, 0, 0, 0, 0, 0, 0, 0, 0, 0, 0, 0, 0, 0, 0, 0],
    &[0, 0, 0, 0, 0, 0, 0, 0, 0, 0, 0, 0, 0, 0, 0, 0, 0, 0, 0, 0, 0, 0, 0, 0, 0, 0, 0, 0, 0, 0, 0, 0, 0],
    &[0, 0, 0, 0, 0, 0, 0, 0, 0, 0, 0, 0, 0, 0, 0, 0, 0, 0, 0, 0, 0, 0, 0, 0, 0, 0, 0, 0, 0, 0, 0, 0, 0],
    &[0, 0, 0, 0, 0, 0, 0, 0, 0, 0, 0, 0, 0, 0, 0, 0, 0, 0, 0, 0, 0, 0, 0, 0, 0, 0, 0, 0, 0, 0, 0, 0, 0],
    &[0, 0, 0, 0, 0, 0, 0, 0, 0, 0, 0, 0, 0, 0, 0, 0, 0, 0, 0, 0, 0, 0, 0, 0, 0, 0, 0, 0, 0, 0, 0, 0, 0],
    &[0, 0, 0, 0, 0, 0, 0, 0, 0, 0, 0, 0, 0, 0, 0, 0, 0, 0, 0, 0, 0, 0, 0, 0, 0, 0, 0, 0, 0, 0, 0, 0, 0],
    &[0, 0, 0, 0, 0, 0, 0, 0, 0, 0, 0, 0, 0, 0, 0, 0, 0, 0, 0, 0, 0, 0, 0, 0, 0, 0, 0, 0, 0, 0, 0, 0, 0],
    &[0, 0, 0, 0, 0, 0, 0, 0, 0, 0, 0, 0, 0, 0, 0, 0, 0, 0, 0, 0, 0, 0, 0, 0, 0, 0, 0, 0, 0, 0, 0, 0, 0],
    &[0, 0, 0, 0, 0, 0, 0, 0, 0, 0, 0, 0, 0, 0, 0, 0, 0, 0, 0, 0, 0, 0, 0, 0, 0, 0, 0, 0, 0, 0, 0, 0, 0],
    &[0, 0, 0, 0, 0, 0, 0, 0, 0, 0, 0, 0, 0, 0, 0, 0, 0, 0, 0, 0, 0, 0, 0, 0, 0, 0, 0, 0, 0, 0, 0, 0, 0],
    &[0, 0, 4, 142, 142, 142, 142, 78, 0, 0, 0, 0, 0, 0, 0, 0, 0, 0, 0, 0, 0, 0, 0, 0, 29, 142, 142, 142, 142, 61, 0, 0, 0],
    &[0, 0, 7, 255, 255, 255, 255, 211, 0, 0, 0, 0, 0, 0, 0, 0, 0, 0, 0, 0, 0, 0, 0, 0, 123, 255, 255, 255, 255, 110, 0, 0, 0],
    &[0, 0, 7, 255, 255, 255, 255, 255, 47, 0, 0, 0, 0, 0, 0, 0, 0, 0, 0, 0, 0, 0, 0, 0, 214, 255, 255, 255, 255, 110, 0, 0, 0],
    &[0, 0, 7, 255, 255, 251, 255, 255, 138, 0, 0, 0, 0, 0, 0, 0, 0, 0, 0, 0, 0, 0, 0, 49, 255, 255, 253, 255, 255, 110, 0, 0, 0],
    &[0, 0, 7, 255, 255, 175, 250, 255, 227, 2, 0, 0, 0, 0, 0, 0, 0, 0, 0, 0, 0, 0, 0, 141, 255, 255, 174, 255, 255, 110, 0, 0, 0],
    &[0, 0, 7, 255, 255, 174, 178, 255, 255, 64, 0, 0, 0, 0, 0, 0, 0, 0, 0, 0, 0, 0, 2, 229, 255, 251, 105, 255, 255, 110, 0, 0, 0],
    &[0, 0, 7, 255, 255, 193, 85, 255, 255, 156, 0, 0, 0, 0, 0, 0, 0, 0, 0, 0, 0, 0, 67, 255, 255, 180, 99, 255, 255, 110, 0, 0, 0],
    &[0, 0, 7, 255, 255, 212, 8, 240, 255, 239, 7, 0, 0, 0, 0, 0, 0, 0, 0, 0, 0, 0, 158, 255, 255, 88, 109, 255, 255, 110, 0, 0, 0],
    &[0, 0, 7, 255, 255, 228, 0, 156, 255, 255, 82, 0, 0, 0, 0, 0, 0, 0, 0, 0, 0, 8, 241, 255, 242, 9, 119, 255, 255, 110, 0, 0, 0],
    &[0, 0, 7, 255, 255, 237, 0, 64, 255, 255, 173, 0, 0, 0, 0, 0, 0, 0, 0, 0, 0, 85, 255, 255, 159, 0, 128, 255, 255, 110, 0, 0, 0],
    &[0, 0, 7, 255, 255, 243, 0, 1, 225, 255, 248, 16, 0, 0, 0, 0, 0, 0, 0, 0, 0, 176, 255, 255, 67, 0, 134, 255, 255, 110, 0, 0, 0],
    &[0, 0, 7, 255, 255, 248, 0, 0, 134, 255, 255, 100, 0, 0, 0, 0, 0, 0, 0, 0, 18, 249, 255, 228, 2, 0, 137, 255, 255, 110, 0, 0, 0],
    &[0, 0, 7, 255, 255, 253, 0, 0, 42, 255, 255, 191, 0, 0, 0, 0, 0, 0, 0, 0, 102, 255, 255, 139, 0, 0, 138, 255, 255, 110, 0, 0, 0],
    &[0, 0, 7, 255, 255, 254, 0, 0, 0, 205, 255, 253, 28, 0, 0, 0, 0, 0, 0, 0, 194, 255, 255, 46, 0, 0, 138, 255, 255, 110, 0, 0, 0],
    &[0, 0, 7, 255, 255, 254, 0, 0, 0, 113, 255, 255, 117, 0, 0, 0, 0, 0, 0, 30, 254, 255, 210, 0, 0, 0, 138, 255, 255, 110, 0, 0, 0],
    &[0, 0, 7, 255, 255, 254, 0, 0, 0, 24, 252, 255, 209, 0, 0, 0, 0, 0, 0, 120, 255, 255, 118, 0, 0, 0, 138, 255, 255, 110, 0, 0, 0],
    &[0, 0, 7, 255, 255, 254, 0, 0, 0, 0, 184, 255, 255, 44, 0, 0, 0, 0, 0, 211, 255, 253, 28, 0, 0, 0, 138, 255, 255, 110, 0, 0, 0],
    &[0, 0, 7, 255, 255, 254, 0, 0, 0, 0, 91, 255, 255, 135, 0, 0, 0, 0, 47, 255, 255, 189, 0, 0, 0, 0, 138, 255, 255, 110, 0, 0, 0],
    &[0, 0, 7, 255, 255, 254, 0, 0, 0, 0, 11, 243, 255, 225, 1, 0, 0, 0, 138, 255, 255, 97, 0, 0, 0, 0, 138, 255, 255, 110, 0, 0, 0],
    &[0, 0, 7, 255, 255, 254, 0, 0, 0, 0, 0, 162, 255, 255, 62, 0, 0, 2, 227, 255, 246, 14, 0, 0, 0, 0, 138, 255, 255, 110, 0, 0, 0],
    &[0, 0, 7, 255, 255, 254, 0, 0, 0, 0, 0, 69, 255, 255, 153, 0, 0, 64, 255, 255, 169, 0, 0, 0, 0, 0, 138, 255, 255, 110, 0, 0, 0],
    &[0, 0, 7, 255, 255, 254, 0, 0, 0, 0, 0, 2, 230, 255, 238, 6, 0, 155, 255, 255, 76, 0, 0, 0, 0, 0, 138, 255, 255, 110, 0, 0, 0],
    &[0, 0, 7, 255, 255, 254, 0, 0, 0, 0, 0, 0, 140, 255, 255, 79, 7, 239, 255, 235, 5, 0, 0, 0, 0, 0, 138, 255, 255, 110, 0, 0, 0],
    &[0, 0, 7, 255, 255, 254, 0, 0, 0, 0, 0, 0, 47, 255, 255, 170, 82, 255, 255, 148, 0, 0, 0, 0, 0, 0, 138, 255, 255, 110, 0, 0, 0],
    &[0, 0, 7, 255, 255, 254, 0, 0, 0, 0, 0, 0, 0, 211, 255, 247, 192, 255, 255, 56, 0, 0, 0, 0, 0, 0, 138, 255, 255, 110, 0, 0, 0],
    &[0, 0, 7, 255, 255, 254, 0, 0, 0, 0, 0, 0, 0, 118, 255, 255, 255, 255, 219, 0, 0, 0, 0, 0, 0, 0, 138, 255, 255, 110, 0, 0, 0],
    &[0, 0, 7, 255, 255, 254, 0, 0, 0, 0, 0, 0, 0, 28, 253, 255, 255, 255, 127, 0, 0, 0, 0, 0, 0, 0, 138, 255, 255, 110, 0, 0, 0],
    &[0, 0, 7, 255, 255, 254, 0, 0, 0, 0, 0, 0, 0, 0, 189, 255, 255, 255, 36, 0, 0, 0, 0, 0, 0, 0, 138, 255, 255, 110, 0, 0, 0],
    &[0, 0, 7, 255, 255, 254, 0, 0, 0, 0, 0, 0, 0, 0, 76, 175, 175, 146, 0, 0, 0, 0, 0, 0, 0, 0, 138, 255, 255, 110, 0, 0, 0],
    &[0, 0, 7, 255, 255, 254, 0, 0, 0, 0, 0, 0, 0, 0, 0, 0, 0, 0, 0, 0, 0, 0, 0, 0, 0, 0, 138, 255, 255, 110, 0, 0, 0],
    &[0, 0, 7, 255, 255, 254, 0, 0, 0, 0, 0, 0, 0, 0, 0, 0, 0, 0, 0, 0, 0, 0, 0, 0, 0, 0, 138, 255, 255, 110, 0, 0, 0],
    &[0, 0, 7, 255, 255, 254, 0, 0, 0, 0, 0, 0, 0, 0, 0, 0, 0, 0, 0, 0, 0, 0, 0, 0, 0, 0, 138, 255, 255, 110, 0, 0, 0],
    &[0, 0, 7, 255, 255, 254, 0, 0, 0, 0, 0, 0, 0, 0, 0, 0, 0, 0, 0, 0, 0, 0, 0, 0, 0, 0, 138, 255, 255, 110, 0, 0, 0],
    &[0, 0, 7, 255, 255, 254, 0, 0, 0, 0, 0, 0, 0, 0, 0, 0, 0, 0, 0, 0, 0, 0, 0, 0, 0, 0, 138, 255, 255, 110, 0, 0, 0],
    &[0, 0, 7, 255, 255, 254, 0, 0, 0, 0, 0, 0, 0, 0, 0, 0, 0, 0, 0, 0, 0, 0, 0, 0, 0, 0, 138, 255, 255, 110, 0, 0, 0],
    &[0, 0, 7, 255, 255, 254, 0, 0, 0, 0, 0, 0, 0, 0, 0, 0, 0, 0, 0, 0, 0, 0, 0, 0, 0, 0, 138, 255, 255, 110, 0, 0, 0],
    &[0, 0, 7, 255, 255, 254, 0, 0, 0, 0, 0, 0, 0, 0, 0, 0, 0, 0, 0, 0, 0, 0, 0, 0, 0, 0, 138, 255, 255, 110, 0, 0, 0],
    &[0, 0, 7, 255, 255, 254, 0, 0, 0, 0, 0, 0, 0, 0, 0, 0, 0, 0, 0, 0, 0, 0, 0, 0, 0, 0, 138, 255, 255, 110, 0, 0, 0],
    &[0, 0, 7, 255, 255, 254, 0, 0, 0, 0, 0, 0, 0, 0, 0, 0, 0, 0, 0, 0, 0, 0, 0, 0, 0, 0, 138, 255, 255, 110, 0, 0, 0],
    &[0, 0, 0, 0, 0, 0, 0, 0, 0, 0, 0, 0, 0, 0, 0, 0, 0, 0, 0, 0, 0, 0, 0, 0, 0, 0, 0, 0, 0, 0, 0, 0, 0],
    &[0, 0, 0, 0, 0, 0, 0, 0, 0, 0, 0, 0, 0, 0, 0, 0, 0, 0, 0, 0, 0, 0, 0, 0, 0, 0, 0, 0, 0, 0, 0, 0, 0],
    &[0, 0, 0, 0, 0, 0, 0, 0, 0, 0, 0, 0, 0, 0, 0, 0, 0, 0, 0, 0, 0, 0, 0, 0, 0, 0, 0, 0, 0, 0, 0, 0, 0],
    &[0, 0, 0, 0, 0, 0, 0, 0, 0, 0, 0, 0, 0, 0, 0, 0, 0, 0, 0, 0, 0, 0, 0, 0, 0, 0, 0, 0, 0, 0, 0, 0, 0],
    &[0, 0, 0, 0, 0, 0, 0, 0, 0, 0, 0, 0, 0, 0, 0, 0, 0, 0, 0, 0, 0, 0, 0, 0, 0, 0, 0, 0, 0, 0, 0, 0, 0],
    &[0, 0, 0, 0, 0, 0, 0, 0, 0, 0, 0, 0, 0, 0, 0, 0, 0, 0, 0, 0, 0, 0, 0, 0, 0, 0, 0, 0, 0, 0, 0, 0, 0],
    &[0, 0, 0, 0, 0, 0, 0, 0, 0, 0, 0, 0, 0, 0, 0, 0, 0, 0, 0, 0, 0, 0, 0, 0, 0, 0, 0, 0, 0, 0, 0, 0, 0],
    &[0, 0, 0, 0, 0, 0, 0, 0, 0, 0, 0, 0, 0, 0, 0, 0, 0, 0, 0, 0, 0, 0, 0, 0, 0, 0, 0, 0, 0, 0, 0, 0, 0],
    &[0, 0, 0, 0, 0, 0, 0, 0, 0, 0, 0, 0, 0, 0, 0, 0, 0, 0, 0, 0, 0, 0, 0, 0, 0, 0, 0, 0, 0, 0, 0, 0, 0],
    &[0, 0, 0, 0, 0, 0, 0, 0, 0, 0, 0, 0, 0, 0, 0, 0, 0, 0, 0, 0, 0, 0, 0, 0, 0, 0, 0, 0, 0, 0, 0, 0, 0],
    &[0, 0, 0, 0, 0, 0, 0, 0, 0, 0, 0, 0, 0, 0, 0, 0, 0, 0, 0, 0, 0, 0, 0, 0, 0, 0, 0, 0, 0, 0, 0, 0, 0],
    &[0, 0, 0, 0, 0, 0, 0, 0, 0, 0, 0, 0, 0, 0, 0, 0, 0, 0, 0, 0, 0, 0, 0, 0, 0, 0, 0, 0, 0, 0, 0, 0, 0],
    &[0, 0, 0, 0, 0, 0, 0, 0, 0, 0, 0, 0, 0, 0, 0, 0, 0, 0, 0, 0, 0, 0, 0, 0, 0, 0, 0, 0, 0, 0, 0, 0, 0],
    &[0, 0, 0, 0, 0, 0, 0, 0, 0, 0, 0, 0, 0, 0, 0, 0, 0, 0, 0, 0, 0, 0, 0, 0, 0, 0, 0, 0, 0, 0, 0, 0, 0],
]