&[
    &[0, 0, 0, 0, 0, 0, 0, 0, 0, 0, 0, 0, 0, 0, 0, 0, 0, 0, 0, 0, 0, 0, 0, 0, 0, 0, 0, 0, 0, 0, 0, 0, 0],
    &[0, 0, 0, 0, 0, 0, 0, 0, 0, 0, 0, 0, 0, 0, 0, 0, 0, 0, 0, 0, 0, 0, 0, 0, 0, 0, 0, 0, 0, 0, 0, 0, 0],
    &[0, 0, 0, 0, 0, 0, 0, 0, 0, 0, 0, 0, 0, 0, 0, 0, 0, 0, 0, 0, 0, 0, 0, 0, 0, 0, 0, 0, 0, 0, 0, 0, 0],
    &[0, 0, 0, 0, 0, 0, 0, 0, 0, 0, 0, 0, 0, 0, 0, 0, 0, 0, 0, 0, 0, 0, 0, 0, 0, 0, 0, 0, 0, 0, 0, 0, 0],
    &[0, 0, 0, 0, 0, 0, 0, 0, 0, 0, 0, 0, 0, 0, 0, 0, 0, 0, 0, 0, 0, 0, 0, 0, 0, 0, 0, 0, 0, 0, 0, 0, 0],
    &[0, 0, 0, 0, 0, 0, 0, 0, 0, 0, 0, 0, 0, 0, 0, 0, 0, 0, 0, 0, 0, 0, 0, 0, 0, 0, 0, 0, 0, 0, 0, 0, 0],
    &[0, 0, 0, 0, 0, 0, 0, 0, 0, 0, 0, 0, 0, 0, 0, 0, 0, 0, 0, 0, 0, 0, 0, 0, 0, 0, 0, 0, 0, 0, 0, 0, 0],
    &[0, 0, 0, 0, 0, 0, 0, 0, 0, 0, 0, 0, 0, 0, 0, 0, 0, 0, 0, 0, 0, 0, 0, 0, 0, 0, 0, 0, 0, 0, 0, 0, 0],
    &[0, 0, 0, 0, 0, 0, 0, 0, 0, 0, 0, 0, 0, 0, 0, 0, 0, 0, 0, 0, 0, 0, 0, 0, 0, 0, 0, 0, 0, 0, 0, 0, 0],
    &[0, 0, 0, 0, 0, 0, 0, 0, 0, 0, 0, 0, 0, 0, 0, 0, 0, 0, 0, 0, 0, 0, 0, 0, 0, 0, 0, 0, 0, 0, 0, 0, 0],
    &[0, 0, 0, 0, 0, 0, 0, 0, 0, 0, 0, 0, 0, 0, 0, 0, 0, 0, 0, 0, 0, 0, 0, 0, 0, 0, 0, 0, 0, 0, 0, 0, 0],
    &[0, 0, 0, 31, 142, 142, 142, 142, 142, 142, 46, 0, 0, 0, 0, 0, 0, 0, 0, 0, 0, 0, 0, 11, 142, 142, 142, 142, 88, 0, 0, 0, 0],
    &[0, 0, 0, 56, 255, 255, 255, 255, 255, 255, 170, 0, 0, 0, 0, 0, 0, 0, 0, 0, 0, 0, 0, 19, 255, 255, 255, 255, 158, 0, 0, 0, 0],
    &[0, 0, 0, 56, 255, 255, 255, 255, 255, 255, 252, 30, 0, 0, 0, 0, 0, 0, 0, 0, 0, 0, 0, 19, 255, 255, 255, 255, 158, 0, 0, 0, 0],
    &[0, 0, 0, 56, 255, 255, 255, 255, 255, 255, 255, 138, 0, 0, 0, 0, 0, 0, 0, 0, 0, 0, 0, 19, 255, 255, 255, 255, 158, 0, 0, 0, 0],
    &[0, 0, 0, 56, 255, 255, 255, 255, 255, 255, 255, 239, 11, 0, 0, 0, 0, 0, 0, 0, 0, 0, 0, 19, 255, 255, 255, 255, 158, 0, 0, 0, 0],
    &[0, 0, 0, 56, 255, 255, 255, 225, 237, 255, 255, 255, 106, 0, 0, 0, 0, 0, 0, 0, 0, 0, 0, 19, 255, 255, 255, 255, 158, 0, 0, 0, 0],
    &[0, 0, 0, 56, 255, 255, 255, 220, 135, 255, 255, 255, 216, 1, 0, 0, 0, 0, 0, 0, 0, 0, 0, 19, 255, 255, 255, 255, 158, 0, 0, 0, 0],
    &[0, 0, 0, 56, 255, 255, 255, 241, 28, 251, 255, 255, 255, 74, 0, 0, 0, 0, 0, 0, 0, 0, 0, 19, 255, 255, 255, 255, 158, 0, 0, 0, 0],
    &[0, 0, 0, 56, 255, 255, 255, 255, 6, 167, 255, 255, 255, 185, 0, 0, 0, 0, 0, 0, 0, 0, 0, 19, 255, 255, 255, 255, 158, 0, 0, 0, 0],
    &[0, 0, 0, 56, 255, 255, 255, 255, 26, 54, 255, 255, 255, 255, 42, 0, 0, 0, 0, 0, 0, 0, 0, 19, 255, 255, 255, 255, 158, 0, 0, 0, 0],
    &[0, 0, 0, 56, 255, 255, 255, 255, 47, 0, 198, 255, 255, 255, 153, 0, 0, 0, 0, 0, 0, 0, 0, 19, 255, 255, 255, 255, 158, 0, 0, 0, 0],
    &[0, 0, 0, 56, 255, 255, 255, 255, 66, 0, 85, 255, 255, 255, 246, 19, 0, 0, 0, 0, 0, 0, 0, 19, 255, 255, 255, 255, 158, 0, 0, 0, 0],
    &[0, 0, 0, 56, 255, 255, 255, 255, 81, 0, 3, 225, 255, 255, 255, 121, 0, 0, 0, 0, 0, 0, 0, 19, 255, 255, 255, 255, 158, 0, 0, 0, 0],
    &[0, 0, 0, 56, 255, 255, 255, 255, 95, 0, 0, 117, 255, 255, 255, 228, 4, 0, 0, 0, 0, 0, 0, 19, 255, 255, 255, 255, 158, 0, 0, 0, 0],
    &[0, 0, 0, 56, 255, 255, 255, 255, 107, 0, 0, 16, 244, 255, 255, 255, 89, 0, 0, 0, 0, 0, 0, 19, 255, 255, 255, 255, 158, 0, 0, 0, 0],
    &[0, 0, 0, 56, 255, 255, 255, 255, 113, 0, 0, 0, 148, 255, 255, 255, 200, 0, 0, 0, 0, 0, 0, 19, 255, 255, 255, 255, 158, 0, 0, 0, 0],
    &[0, 0, 0, 56, 255, 255, 255, 255, 117, 0, 0, 0, 37, 254, 255, 255, 255, 56, 0, 0, 0, 0, 0, 19, 255, 255, 255, 255, 158, 0, 0, 0, 0],
    &[0, 0, 0, 56, 255, 255, 255, 255, 121, 0, 0, 0, 0, 179, 255, 255, 255, 168, 0, 0, 0, 0, 0, 19, 255, 255, 255, 255, 158, 0, 0, 0, 0],
    &[0, 0, 0, 56, 255, 255, 255, 255, 122, 0, 0, 0, 0, 67, 255, 255, 255, 251, 28, 0, 0, 0, 0, 19, 255, 255, 255, 255, 158, 0, 0, 0, 0],
    &[0, 0, 0, 56, 255, 255, 255, 255, 122, 0, 0, 0, 0, 0, 210, 255, 255, 255, 136, 0, 0, 0, 0, 19, 255, 255, 255, 255, 158, 0, 0, 0, 0],
    &[0, 0, 0, 56, 255, 255, 255, 255, 122, 0, 0, 0, 0, 0, 98, 255, 255, 255, 237, 10, 0, 0, 0, 19, 255, 255, 255, 255, 158, 0, 0, 0, 0],
    &[0, 0, 0, 56, 255, 255, 255, 255, 122, 0, 0, 0, 0, 0, 8, 234, 255, 255, 255, 104, 0, 0, 0, 18, 255, 255, 255, 255, 158, 0, 0, 0, 0],
    &[0, 0, 0, 56, 255, 255, 255, 255, 122, 0, 0, 0, 0, 0, 0, 129, 255, 255, 255, 214, 1, 0, 0, 16, 255, 255, 255, 255, 158, 0, 0, 0, 0],
    &[0, 0, 0, 56, 255, 255, 255, 255, 122, 0, 0, 0, 0, 0, 0, 24, 249, 255, 255, 255, 71, 0, 0, 14, 255, 255, 255, 255, 158, 0, 0, 0, 0],
    &[0, 0, 0, 56, 255, 255, 255, 255, 122, 0, 0, 0, 0, 0, 0, 0, 161, 255, 255, 255, 183, 0, 0, 8, 255, 255, 255, 255, 158, 0, 0, 0, 0],
    &[0, 0, 0, 56, 255, 255, 255, 255, 122, 0, 0, 0, 0, 0, 0, 0, 49, 255, 255, 255, 254, 40, 0, 1, 255, 255, 255, 255, 158, 0, 0, 0, 0],
    &[0, 0, 0, 56, 255, 255, 255, 255, 122, 0, 0, 0, 0, 0, 0, 0, 0, 192, 255, 255, 255, 151, 0, 0, 250, 255, 255, 255, 158, 0, 0, 0, 0],
    &[0, 0, 0, 56, 255, 255, 255, 255, 122, 0, 0, 0, 0, 0, 0, 0, 0, 80, 255, 255, 255, 245, 17, 0, 239, 255, 255, 255, 158, 0, 0, 0, 0],
    &[0, 0, 0, 56, 255, 255, 255, 255, 122, 0, 0, 0, 0, 0, 0, 0, 0, 2, 221, 255, 255, 255, 119, 0, 226, 255, 255, 255, 158, 0, 0, 0, 0],
    &[0, 0, 0, 56, 255, 255, 255, 255, 122, 0, 0, 0, 0, 0, 0, 0, 0, 0, 111, 255, 255, 255, 226, 4, 213, 255, 255, 255, 158, 0, 0, 0, 0],
    &[0, 0, 0, 56, 255, 255, 255, 255, 122, 0, 0, 0, 0, 0, 0, 0, 0, 0, 13, 241, 255, 255, 255, 86, 194, 255, 255, 255, 158, 0, 0, 0, 0],
    &[0, 0, 0, 56, 255, 255, 255, 255, 122, 0, 0, 0, 0, 0, 0, 0, 0, 0, 0, 142, 255, 255, 255, 198, 173, 255, 255, 255, 158, 0, 0, 0, 0],
    &[0, 0, 0, 56, 255, 255, 255, 255, 122, 0, 0, 0, 0, 0, 0, 0, 0, 0, 0, 33, 252, 255, 255, 255, 217, 255, 255, 255, 158, 0, 0, 0, 0],
    &[0, 0, 0, 56, 255, 255, 255, 255, 122, 0, 0, 0, 0, 0, 0, 0, 0, 0, 0, 0, 174, 255, 255, 255, 255, 255, 255, 255, 158, 0, 0, 0, 0],
    &[0, 0, 0, 56, 255, 255, 255, 255, 122, 0, 0, 0, 0, 0, 0, 0, 0, 0, 0, 0, 61, 255, 255, 255, 255, 255, 255, 255, 158, 0, 0, 0, 0],
    &[0, 0, 0, 56, 255, 255, 255, 255, 122, 0, 0, 0, 0, 0, 0, 0, 0, 0, 0, 0, 0, 205, 255, 255, 255, 255, 255, 255, 158, 0, 0, 0, 0],
    &[0, 0, 0, 56, 255, 255, 255, 255, 122, 0, 0, 0, 0, 0, 0, 0, 0, 0, 0, 0, 0, 92, 255, 255, 255, 255, 255, 255, 158, 0, 0, 0, 0],
    &[0, 0, 0, 56, 255, 255, 255, 255, 122, 0, 0, 0, 0, 0, 0, 0, 0, 0, 0, 0, 0, 6, 230, 255, 255, 255, 255, 255, 158, 0, 0, 0, 0],
    &[0, 0, 0, 56, 255, 255, 255, 255, 122, 0, 0, 0, 0, 0, 0, 0, 0, 0, 0, 0, 0, 0, 124, 255, 255, 255, 255, 255, 158, 0, 0, 0, 0],
    &[0, 0, 0, 0, 0, 0, 0, 0, 0, 0, 0, 0, 0, 0, 0, 0, 0, 0, 0, 0, 0, 0, 0, 0, 0, 0, 0, 0, 0, 0, 0, 0, 0],
    &[0, 0, 0, 0, 0, 0, 0, 0, 0, 0, 0, 0, 0, 0, 0, 0, 0, 0, 0, 0, 0, 0, 0, 0, 0, 0, 0, 0, 0, 0, 0, 0, 0],
    &[0, 0, 0, 0, 0, 0, 0, 0, 0, 0, 0, 0, 0, 0, 0, 0, 0, 0, 0, 0, 0, 0, 0, 0, 0, 0, 0, 0, 0, 0, 0, 0, 0],
    &[0, 0, 0, 0, 0, 0, 0, 0, 0, 0, 0, 0, 0, 0, 0, 0, 0, 0, 0, 0, 0, 0, 0, 0, 0, 0, 0, 0, 0, 0, 0, 0, 0],
    &[0, 0, 0, 0, 0, 0, 0, 0, 0, 0, 0, 0, 0, 0, 0, 0, 0, 0, 0, 0, 0, 0, 0, 0, 0, 0, 0, 0, 0, 0, 0, 0, 0],
    &[0, 0, 0, 0, 0, 0, 0, 0, 0, 0, 0, 0, 0, 0, 0, 0, 0, 0, 0, 0, 0, 0, 0, 0, 0, 0, 0, 0, 0, 0, 0, 0, 0],
    &[0, 0, 0, 0, 0, 0, 0, 0, 0, 0, 0, 0, 0, 0, 0, 0, 0, 0, 0, 0, 0, 0, 0, 0, 0, 0, 0, 0, 0, 0, 0, 0, 0],
    &[0, 0, 0, 0, 0, 0, 0, 0, 0, 0, 0, 0, 0, 0, 0, 0, 0, 0, 0, 0, 0, 0, 0, 0, 0, 0, 0, 0, 0, 0, 0, 0, 0],
    &[0, 0, 0, 0, 0, 0, 0, 0, 0, 0, 0, 0, 0, 0, 0, 0, 0, 0, 0, 0, 0, 0, 0, 0, 0, 0, 0, 0, 0, 0, 0, 0, 0],
    &[0, 0, 0, 0, 0, 0, 0, 0, 0, 0, 0, 0, 0, 0, 0, 0, 0, 0, 0, 0, 0, 0, 0, 0, 0, 0, 0, 0, 0, 0, 0, 0, 0],
    &[0, 0, 0, 0, 0, 0, 0, 0, 0, 0, 0, 0, 0, 0, 0, 0, 0, 0, 0, 0, 0, 0, 0, 0, 0, 0, 0, 0, 0, 0, 0, 0, 0],
    &[0, 0, 0, 0, 0, 0, 0, 0, 0, 0, 0, 0, 0, 0, 0, 0, 0, 0, 0, 0, 0, 0, 0, 0, 0, 0, 0, 0, 0, 0, 0, 0, 0],
    &[0, 0, 0, 0, 0, 0, 0, 0, 0, 0, 0, 0, 0, 0, 0, 0, 0, 0, 0, 0, 0, 0, 0, 0, 0, 0, 0, 0, 0, 0, 0, 0, 0],
    &[0, 0, 0, 0, 0, 0, 0, 0, 0, 0, 0, 0, 0, 0, 0, 0, 0, 0, 0, 0, 0, 0, 0, 0, 0, 0, 0, 0, 0, 0, 0, 0, 0],
]