&[
    &[0, 0, 0, 0, 0, 0, 0, 0, 0],
    &[0, 0, 0, 0, 0, 0, 0, 0, 0],
    &[0, 0, 0, 0, 0, 0, 0, 0, 0],
    &[0, 0, 0, 0, 0, 0, 0, 0, 0],
    &[94, 254, 254, 140, 0, 9, 254, 196, 0],
    &[94, 255, 253, 223, 0, 9, 255, 197, 0],
    &[94, 255, 199, 255, 52, 9, 255, 197, 0],
    &[94, 255, 131, 255, 135, 9, 255, 197, 0],
    &[94, 255, 109, 204, 219, 9, 255, 197, 0],
    &[94, 255, 111, 121, 255, 54, 255, 197, 0],
    &[94, 255, 111, 38, 255, 133, 255, 197, 0],
    &[94, 255, 111, 0, 211, 214, 247, 197, 0],
    &[94, 255, 111, 0, 128, 255, 255, 197, 0],
    &[94, 255, 111, 0, 45, 255, 255, 197, 0],
    &[0, 0, 0, 0, 0, 0, 0, 0, 0],
    &[0, 0, 0, 0, 0, 0, 0, 0, 0],
    &[0, 0, 0, 0, 0, 0, 0, 0, 0],
    &[0, 0, 0, 0, 0, 0, 0, 0, 0],
    &[0, 0, 0, 0, 0, 0, 0, 0, 0],
    &[0, 0, 0, 0, 0, 0, 0, 0, 0],
]