&[
    &[0, 0, 0, 0, 0, 0, 0, 0, 0, 0, 0, 0, 0, 0, 0, 0, 0, 0, 0, 0, 0, 0, 0, 0, 0, 0, 0, 0, 0, 0, 0, 0, 0],
    &[0, 0, 0, 0, 0, 0, 0, 0, 0, 0, 0, 0, 0, 0, 0, 0, 0, 0, 0, 0, 0, 0, 0, 0, 0, 0, 0, 0, 0, 0, 0, 0, 0],
    &[0, 0, 0, 0, 0, 0, 0, 0, 0, 0, 0, 0, 0, 0, 0, 0, 0, 0, 0, 0, 0, 0, 0, 0, 0, 0, 0, 0, 0, 0, 0, 0, 0],
    &[0, 0, 0, 0, 0, 0, 0, 0, 0, 0, 0, 0, 0, 0, 0, 0, 0, 0, 0, 0, 0, 0, 0, 0, 0, 0, 0, 0, 0, 0, 0, 0, 0],
    &[0, 0, 0, 0, 0, 0, 0, 0, 0, 0, 0, 0, 0, 0, 0, 0, 0, 0, 0, 0, 0, 0, 0, 0, 0, 0, 0, 0, 0, 0, 0, 0, 0],
    &[0, 0, 0, 0, 0, 0, 0, 0, 0, 0, 0, 0, 0, 0, 0, 0, 0, 0, 0, 0, 0, 0, 0, 0, 0, 0, 0, 0, 0, 0, 0, 0, 0],
    &[0, 0, 0, 0, 0, 0, 0, 0, 0, 0, 0, 0, 0, 0, 0, 0, 0, 0, 0, 0, 0, 0, 0, 0, 0, 0, 0, 0, 0, 0, 0, 0, 0],
    &[0, 0, 0, 0, 0, 0, 0, 0, 0, 0, 0, 0, 0, 0, 0, 0, 0, 0, 0, 0, 0, 0, 0, 0, 0, 0, 0, 0, 0, 0, 0, 0, 0],
    &[0, 0, 0, 0, 0, 0, 0, 0, 0, 0, 0, 0, 0, 0, 0, 0, 0, 0, 0, 0, 0, 0, 0, 0, 0, 0, 0, 0, 0, 0, 0, 0, 0],
    &[0, 0, 0, 0, 0, 0, 0, 0, 0, 0, 0, 0, 0, 0, 0, 0, 0, 0, 0, 0, 0, 0, 0, 0, 0, 0, 0, 0, 0, 0, 0, 0, 0],
    &[0, 0, 0, 0, 0, 0, 0, 0, 0, 0, 0, 0, 0, 0, 0, 0, 0, 0, 0, 0, 0, 0, 0, 0, 0, 0, 0, 0, 0, 0, 0, 0, 0],
    &[0, 0, 0, 0, 73, 142, 142, 142, 79, 0, 0, 0, 0, 0, 0, 0, 0, 0, 0, 0, 0, 0, 0, 0, 15, 142, 142, 138, 0, 0, 0, 0, 0],
    &[0, 0, 0, 0, 132, 255, 255, 255, 231, 9, 0, 0, 0, 0, 0, 0, 0, 0, 0, 0, 0, 0, 0, 0, 27, 255, 255, 248, 0, 0, 0, 0, 0],
    &[0, 0, 0, 0, 132, 255, 255, 255, 255, 110, 0, 0, 0, 0, 0, 0, 0, 0, 0, 0, 0, 0, 0, 0, 27, 255, 255, 248, 0, 0, 0, 0, 0],
    &[0, 0, 0, 0, 132, 255, 255, 255, 255, 228, 7, 0, 0, 0, 0, 0, 0, 0, 0, 0, 0, 0, 0, 0, 27, 255, 255, 248, 0, 0, 0, 0, 0],
    &[0, 0, 0, 0, 132, 255, 255, 190, 255, 255, 105, 0, 0, 0, 0, 0, 0, 0, 0, 0, 0, 0, 0, 0, 27, 255, 255, 248, 0, 0, 0, 0, 0],
    &[0, 0, 0, 0, 132, 255, 255, 79, 249, 255, 225, 5, 0, 0, 0, 0, 0, 0, 0, 0, 0, 0, 0, 0, 27, 255, 255, 248, 0, 0, 0, 0, 0],
    &[0, 0, 0, 0, 132, 255, 255, 65, 152, 255, 255, 100, 0, 0, 0, 0, 0, 0, 0, 0, 0, 0, 0, 0, 27, 255, 255, 248, 0, 0, 0, 0, 0],
    &[0, 0, 0, 0, 132, 255, 255, 80, 32, 250, 255, 221, 4, 0, 0, 0, 0, 0, 0, 0, 0, 0, 0, 0, 27, 255, 255, 248, 0, 0, 0, 0, 0],
    &[0, 0, 0, 0, 132, 255, 255, 94, 0, 158, 255, 255, 95, 0, 0, 0, 0, 0, 0, 0, 0, 0, 0, 0, 27, 255, 255, 248, 0, 0, 0, 0, 0],
    &[0, 0, 0, 0, 132, 255, 255, 106, 0, 36, 252, 255, 218, 3, 0, 0, 0, 0, 0, 0, 0, 0, 0, 0, 27, 255, 255, 248, 0, 0, 0, 0, 0],
    &[0, 0, 0, 0, 132, 255, 255, 114, 0, 0, 163, 255, 255, 91, 0, 0, 0, 0, 0, 0, 0, 0, 0, 0, 27, 255, 255, 248, 0, 0, 0, 0, 0],
    &[0, 0, 0, 0, 132, 255, 255, 122, 0, 0, 40, 253, 255, 214, 2, 0, 0, 0, 0, 0, 0, 0, 0, 0, 27, 255, 255, 248, 0, 0, 0, 0, 0],
    &[0, 0, 0, 0, 132, 255, 255, 125, 0, 0, 0, 169, 255, 255, 86, 0, 0, 0, 0, 0, 0, 0, 0, 0, 27, 255, 255, 248, 0, 0, 0, 0, 0],
    &[0, 0, 0, 0, 132, 255, 255, 128, 0, 0, 0, 45, 254, 255, 210, 1, 0, 0, 0, 0, 0, 0, 0, 0, 27, 255, 255, 248, 0, 0, 0, 0, 0],
    &[0, 0, 0, 0, 132, 255, 255, 129, 0, 0, 0, 0, 174, 255, 255, 81, 0, 0, 0, 0, 0, 0, 0, 0, 27, 255, 255, 248, 0, 0, 0, 0, 0],
    &[0, 0, 0, 0, 132, 255, 255, 129, 0, 0, 0, 0, 50, 255, 255, 206, 0, 0, 0, 0, 0, 0, 0, 0, 27, 255, 255, 248, 0, 0, 0, 0, 0],
    &[0, 0, 0, 0, 132, 255, 255, 129, 0, 0, 0, 0, 0, 180, 255, 255, 76, 0, 0, 0, 0, 0, 0, 0, 27, 255, 255, 248, 0, 0, 0, 0, 0],
    &[0, 0, 0, 0, 132, 255, 255, 129, 0, 0, 0, 0, 0, 55, 255, 255, 201, 0, 0, 0, 0, 0, 0, 0, 27, 255, 255, 248, 0, 0, 0, 0, 0],
    &[0, 0, 0, 0, 132, 255, 255, 129, 0, 0, 0, 0, 0, 0, 186, 255, 255, 71, 0, 0, 0, 0, 0, 0, 27, 255, 255, 248, 0, 0, 0, 0, 0],
    &[0, 0, 0, 0, 132, 255, 255, 129, 0, 0, 0, 0, 0, 0, 60, 255, 255, 196, 0, 0, 0, 0, 0, 0, 27, 255, 255, 248, 0, 0, 0, 0, 0],
    &[0, 0, 0, 0, 132, 255, 255, 129, 0, 0, 0, 0, 0, 0, 0, 191, 255, 255, 66, 0, 0, 0, 0, 0, 27, 255, 255, 248, 0, 0, 0, 0, 0],
    &[0, 0, 0, 0, 132, 255, 255, 129, 0, 0, 0, 0, 0, 0, 0, 66, 255, 255, 192, 0, 0, 0, 0, 0, 27, 255, 255, 248, 0, 0, 0, 0, 0],
    &[0, 0, 0, 0, 132, 255, 255, 129, 0, 0, 0, 0, 0, 0, 0, 0, 197, 255, 255, 61, 0, 0, 0, 0, 27, 255, 255, 248, 0, 0, 0, 0, 0],
    &[0, 0, 0, 0, 132, 255, 255, 129, 0, 0, 0, 0, 0, 0, 0, 0, 72, 255, 255, 187, 0, 0, 0, 0, 27, 255, 255, 248, 0, 0, 0, 0, 0],
    &[0, 0, 0, 0, 132, 255, 255, 129, 0, 0, 0, 0, 0, 0, 0, 0, 0, 202, 255, 255, 56, 0, 0, 0, 27, 255, 255, 248, 0, 0, 0, 0, 0],
    &[0, 0, 0, 0, 132, 255, 255, 129, 0, 0, 0, 0, 0, 0, 0, 0, 0, 77, 255, 255, 182, 0, 0, 0, 24, 255, 255, 248, 0, 0, 0, 0, 0],
    &[0, 0, 0, 0, 132, 255, 255, 129, 0, 0, 0, 0, 0, 0, 0, 0, 0, 0, 207, 255, 255, 52, 0, 0, 22, 255, 255, 248, 0, 0, 0, 0, 0],
    &[0, 0, 0, 0, 132, 255, 255, 129, 0, 0, 0, 0, 0, 0, 0, 0, 0, 0, 83, 255, 255, 177, 0, 0, 17, 255, 255, 248, 0, 0, 0, 0, 0],
    &[0, 0, 0, 0, 132, 255, 255, 129, 0, 0, 0, 0, 0, 0, 0, 0, 0, 0, 1, 212, 255, 254, 48, 0, 12, 255, 255, 248, 0, 0, 0, 0, 0],
    &[0, 0, 0, 0, 132, 255, 255, 129, 0, 0, 0, 0, 0, 0, 0, 0, 0, 0, 0, 88, 255, 255, 172, 0, 5, 255, 255, 248, 0, 0, 0, 0, 0],
    &[0, 0, 0, 0, 132, 255, 255, 129, 0, 0, 0, 0, 0, 0, 0, 0, 0, 0, 0, 2, 216, 255, 254, 43, 0, 253, 255, 248, 0, 0, 0, 0, 0],
    &[0, 0, 0, 0, 132, 255, 255, 129, 0, 0, 0, 0, 0, 0, 0, 0, 0, 0, 0, 0, 94, 255, 255, 167, 0, 244, 255, 248, 0, 0, 0, 0, 0],
    &[0, 0, 0, 0, 132, 255, 255, 129, 0, 0, 0, 0, 0, 0, 0, 0, 0, 0, 0, 0, 4, 221, 255, 253, 39, 234, 255, 248, 0, 0, 0, 0, 0],
    &[0, 0, 0, 0, 132, 255, 255, 129, 0, 0, 0, 0, 0, 0, 0, 0, 0, 0, 0, 0, 0, 99, 255, 255, 162, 223, 255, 248, 0, 0, 0, 0, 0],
    &[0, 0, 0, 0, 132, 255, 255, 129, 0, 0, 0, 0, 0, 0, 0, 0, 0, 0, 0, 0, 0, 5, 225, 255, 252, 242, 255, 248, 0, 0, 0, 0, 0],
    &[0, 0, 0, 0, 132, 255, 255, 129, 0, 0, 0, 0, 0, 0, 0, 0, 0, 0, 0, 0, 0, 0, 105, 255, 255, 255, 255, 248, 0, 0, 0, 0, 0],
    &[0, 0, 0, 0, 132, 255, 255, 129, 0, 0, 0, 0, 0, 0, 0, 0, 0, 0, 0, 0, 0, 0, 7, 228, 255, 255, 255, 248, 0, 0, 0, 0, 0],
    &[0, 0, 0, 0, 132, 255, 255, 129, 0, 0, 0, 0, 0, 0, 0, 0, 0, 0, 0, 0, 0, 0, 0, 110, 255, 255, 255, 248, 0, 0, 0, 0, 0],
    &[0, 0, 0, 0, 132, 255, 255, 129, 0, 0, 0, 0, 0, 0, 0, 0, 0, 0, 0, 0, 0, 0, 0, 9, 232, 255, 255, 248, 0, 0, 0, 0, 0],
    &[0, 0, 0, 0, 0, 0, 0, 0, 0, 0, 0, 0, 0, 0, 0, 0, 0, 0, 0, 0, 0, 0, 0, 0, 0, 0, 0, 0, 0, 0, 0, 0, 0],
    &[0, 0, 0, 0, 0, 0, 0, 0, 0, 0, 0, 0, 0, 0, 0, 0, 0, 0, 0, 0, 0, 0, 0, 0, 0, 0, 0, 0, 0, 0, 0, 0, 0],
    &[0, 0, 0, 0, 0, 0, 0, 0, 0, 0, 0, 0, 0, 0, 0, 0, 0, 0, 0, 0, 0, 0, 0, 0, 0, 0, 0, 0, 0, 0, 0, 0, 0],
    &[0, 0, 0, 0, 0, 0, 0, 0, 0, 0, 0, 0, 0, 0, 0, 0, 0, 0, 0, 0, 0, 0, 0, 0, 0, 0, 0, 0, 0, 0, 0, 0, 0],
    &[0, 0, 0, 0, 0, 0, 0, 0, 0, 0, 0, 0, 0, 0, 0, 0, 0, 0, 0, 0, 0, 0, 0, 0, 0, 0, 0, 0, 0, 0, 0, 0, 0],
    &[0, 0, 0, 0, 0, 0, 0, 0, 0, 0, 0, 0, 0, 0, 0, 0, 0, 0, 0, 0, 0, 0, 0, 0, 0, 0, 0, 0, 0, 0, 0, 0, 0],
    &[0, 0, 0, 0, 0, 0, 0, 0, 0, 0, 0, 0, 0, 0, 0, 0, 0, 0, 0, 0, 0, 0, 0, 0, 0, 0, 0, 0, 0, 0, 0, 0, 0],
    &[0, 0, 0, 0, 0, 0, 0, 0, 0, 0, 0, 0, 0, 0, 0, 0, 0, 0, 0, 0, 0, 0, 0, 0, 0, 0, 0, 0, 0, 0, 0, 0, 0],
    &[0, 0, 0, 0, 0, 0, 0, 0, 0, 0, 0, 0, 0, 0, 0, 0, 0, 0, 0, 0, 0, 0, 0, 0, 0, 0, 0, 0, 0, 0, 0, 0, 0],
    &[0, 0, 0, 0, 0, 0, 0, 0, 0, 0, 0, 0, 0, 0, 0, 0, 0, 0, 0, 0, 0, 0, 0, 0, 0, 0, 0, 0, 0, 0, 0, 0, 0],
    &[0, 0, 0, 0, 0, 0, 0, 0, 0, 0, 0, 0, 0, 0, 0, 0, 0, 0, 0, 0, 0, 0, 0, 0, 0, 0, 0, 0, 0, 0, 0, 0, 0],
    &[0, 0, 0, 0, 0, 0, 0, 0, 0, 0, 0, 0, 0, 0, 0, 0, 0, 0, 0, 0, 0, 0, 0, 0, 0, 0, 0, 0, 0, 0, 0, 0, 0],
    &[0, 0, 0, 0, 0, 0, 0, 0, 0, 0, 0, 0, 0, 0, 0, 0, 0, 0, 0, 0, 0, 0, 0, 0, 0, 0, 0, 0, 0, 0, 0, 0, 0],
    &[0, 0, 0, 0, 0, 0, 0, 0, 0, 0, 0, 0, 0, 0, 0, 0, 0, 0, 0, 0, 0, 0, 0, 0, 0, 0, 0, 0, 0, 0, 0, 0, 0],
]