&[
    &[0, 0, 0, 0, 0, 0, 0, 0, 0, 0, 0, 0, 0, 0, 0, 0, 0, 0, 0, 0, 0, 0, 0, 0, 0, 0, 0, 0, 0, 0, 0, 0, 0],
    &[0, 0, 0, 0, 0, 0, 0, 0, 0, 0, 0, 0, 0, 0, 0, 0, 0, 0, 0, 0, 0, 0, 0, 0, 0, 0, 0, 0, 0, 0, 0, 0, 0],
    &[0, 0, 0, 0, 0, 0, 0, 0, 0, 0, 0, 0, 0, 0, 0, 0, 0, 0, 0, 0, 0, 0, 0, 0, 0, 0, 0, 0, 0, 0, 0, 0, 0],
    &[0, 0, 0, 0, 0, 0, 0, 0, 0, 0, 0, 0, 0, 0, 0, 0, 0, 0, 0, 0, 0, 0, 0, 0, 0, 0, 0, 0, 0, 0, 0, 0, 0],
    &[0, 0, 0, 0, 0, 0, 0, 0, 0, 0, 0, 0, 0, 0, 0, 0, 0, 0, 0, 0, 0, 0, 0, 0, 0, 0, 0, 0, 0, 0, 0, 0, 0],
    &[0, 0, 0, 0, 0, 0, 0, 0, 0, 0, 0, 0, 0, 0, 0, 0, 0, 0, 0, 0, 0, 0, 0, 0, 0, 0, 0, 0, 0, 0, 0, 0, 0],
    &[0, 0, 0, 0, 0, 0, 0, 0, 0, 0, 0, 0, 0, 0, 0, 0, 0, 0, 0, 0, 0, 0, 0, 0, 0, 0, 0, 0, 0, 0, 0, 0, 0],
    &[0, 0, 0, 0, 0, 0, 0, 0, 0, 0, 0, 0, 0, 0, 0, 0, 0, 0, 0, 0, 0, 0, 0, 0, 0, 0, 0, 0, 0, 0, 0, 0, 0],
    &[0, 0, 0, 0, 0, 0, 0, 0, 0, 0, 0, 0, 0, 0, 0, 0, 0, 0, 0, 0, 0, 0, 0, 0, 0, 0, 0, 0, 0, 0, 0, 0, 0],
    &[0, 0, 0, 0, 0, 0, 0, 0, 0, 0, 0, 0, 0, 0, 0, 0, 0, 0, 0, 0, 0, 0, 0, 0, 0, 0, 0, 0, 0, 0, 0, 0, 0],
    &[0, 0, 0, 0, 0, 0, 0, 0, 0, 0, 0, 0, 0, 0, 0, 0, 0, 0, 0, 0, 0, 0, 0, 0, 0, 0, 0, 0, 0, 0, 0, 0, 0],
    &[0, 0, 81, 142, 142, 142, 142, 142, 142, 142, 142, 142, 142, 22, 0, 0, 0, 0, 0, 0, 0, 0, 0, 141, 142, 142, 142, 142, 142, 138, 0, 0, 0],
    &[0, 0, 145, 255, 255, 255, 255, 255, 255, 255, 255, 255, 255, 105, 0, 0, 0, 0, 0, 0, 0, 0, 0, 254, 255, 255, 255, 255, 255, 248, 0, 0, 0],
    &[0, 0, 145, 255, 255, 255, 255, 255, 255, 255, 255, 255, 255, 189, 0, 0, 0, 0, 0, 0, 0, 0, 0, 254, 255, 255, 255, 255, 255, 248, 0, 0, 0],
    &[0, 0, 145, 255, 255, 255, 255, 255, 255, 255, 255, 255, 255, 252, 20, 0, 0, 0, 0, 0, 0, 0, 0, 254, 255, 255, 255, 255, 255, 248, 0, 0, 0],
    &[0, 0, 145, 255, 255, 255, 255, 255, 255, 255, 255, 255, 255, 255, 100, 0, 0, 0, 0, 0, 0, 0, 0, 254, 255, 255, 255, 255, 255, 248, 0, 0, 0],
    &[0, 0, 145, 255, 255, 255, 255, 255, 255, 255, 255, 255, 255, 255, 184, 0, 0, 0, 0, 0, 0, 0, 0, 254, 255, 255, 255, 255, 255, 248, 0, 0, 0],
    &[0, 0, 145, 255, 255, 255, 255, 255, 255, 255, 255, 255, 255, 255, 250, 17, 0, 0, 0, 0, 0, 0, 0, 254, 255, 255, 255, 255, 255, 248, 0, 0, 0],
    &[0, 0, 145, 255, 255, 255, 255, 255, 244, 245, 255, 255, 255, 255, 255, 95, 0, 0, 0, 0, 0, 0, 0, 254, 255, 255, 255, 255, 255, 248, 0, 0, 0],
    &[0, 0, 145, 255, 255, 255, 255, 255, 231, 169, 255, 255, 255, 255, 255, 179, 0, 0, 0, 0, 0, 0, 0, 254, 255, 255, 255, 255, 255, 248, 0, 0, 0],
    &[0, 0, 145, 255, 255, 255, 255, 255, 245, 86, 255, 255, 255, 255, 255, 248, 14, 0, 0, 0, 0, 0, 0, 254, 255, 255, 255, 255, 255, 248, 0, 0, 0],
    &[0, 0, 145, 255, 255, 255, 255, 255, 255, 17, 247, 255, 255, 255, 255, 255, 91, 0, 0, 0, 0, 0, 0, 254, 255, 255, 255, 255, 255, 248, 0, 0, 0],
    &[0, 0, 145, 255, 255, 255, 255, 255, 255, 19, 176, 255, 255, 255, 255, 255, 174, 0, 0, 0, 0, 0, 0, 254, 255, 255, 255, 255, 255, 248, 0, 0, 0],
    &[0, 0, 145, 255, 255, 255, 255, 255, 255, 33, 93, 255, 255, 255, 255, 255, 246, 11, 0, 0, 0, 0, 0, 254, 255, 255, 255, 255, 255, 248, 0, 0, 0],
    &[0, 0, 145, 255, 255, 255, 255, 255, 255, 47, 16, 250, 255, 255, 255, 255, 255, 86, 0, 0, 0, 0, 0, 254, 255, 255, 255, 255, 255, 248, 0, 0, 0],
    &[0, 0, 145, 255, 255, 255, 255, 255, 255, 61, 0, 183, 255, 255, 255, 255, 255, 169, 0, 0, 0, 0, 0, 254, 255, 255, 255, 255, 255, 248, 0, 0, 0],
    &[0, 0, 145, 255, 255, 255, 255, 255, 255, 73, 0, 100, 255, 255, 255, 255, 255, 244, 9, 0, 0, 0, 0, 254, 255, 255, 255, 255, 255, 248, 0, 0, 0],
    &[0, 0, 145, 255, 255, 255, 255, 255, 255, 82, 0, 21, 252, 255, 255, 255, 255, 255, 81, 0, 0, 0, 0, 254, 255, 255, 255, 255, 255, 248, 0, 0, 0],
    &[0, 0, 145, 255, 255, 255, 255, 255, 255, 92, 0, 0, 190, 255, 255, 255, 255, 255, 164, 0, 0, 0, 0, 254, 255, 255, 255, 255, 255, 248, 0, 0, 0],
    &[0, 0, 145, 255, 255, 255, 255, 255, 255, 97, 0, 0, 107, 255, 255, 255, 255, 255, 241, 7, 0, 0, 0, 254, 255, 255, 255, 255, 255, 248, 0, 0, 0],
    &[0, 0, 145, 255, 255, 255, 255, 255, 255, 100, 0, 0, 26, 254, 255, 255, 255, 255, 255, 76, 0, 0, 0, 254, 255, 255, 255, 255, 255, 248, 0, 0, 0],
    &[0, 0, 145, 255, 255, 255, 255, 255, 255, 101, 0, 0, 0, 197, 255, 255, 255, 255, 255, 160, 0, 0, 0, 252, 255, 255, 255, 255, 255, 248, 0, 0, 0],
    &[0, 0, 145, 255, 255, 255, 255, 255, 255, 101, 0, 0, 0, 114, 255, 255, 255, 255, 255, 238, 5, 0, 0, 248, 255, 255, 255, 255, 255, 248, 0, 0, 0],
    &[0, 0, 145, 255, 255, 255, 255, 255, 255, 101, 0, 0, 0, 32, 255, 255, 255, 255, 255, 255, 71, 0, 0, 244, 255, 255, 255, 255, 255, 248, 0, 0, 0],
    &[0, 0, 145, 255, 255, 255, 255, 255, 255, 101, 0, 0, 0, 0, 204, 255, 255, 255, 255, 255, 155, 0, 0, 239, 255, 255, 255, 255, 255, 248, 0, 0, 0],
    &[0, 0, 145, 255, 255, 255, 255, 255, 255, 101, 0, 0, 0, 0, 121, 255, 255, 255, 255, 255, 235, 3, 0, 234, 255, 255, 255, 255, 255, 248, 0, 0, 0],
    &[0, 0, 145, 255, 255, 255, 255, 255, 255, 101, 0, 0, 0, 0, 38, 255, 255, 255, 255, 255, 255, 66, 0, 226, 255, 255, 255, 255, 255, 248, 0, 0, 0],
    &[0, 0, 145, 255, 255, 255, 255, 255, 255, 101, 0, 0, 0, 0, 0, 211, 255, 255, 255, 255, 255, 150, 0, 217, 255, 255, 255, 255, 255, 248, 0, 0, 0],
    &[0, 0, 145, 255, 255, 255, 255, 255, 255, 101, 0, 0, 0, 0, 0, 128, 255, 255, 255, 255, 255, 231, 2, 209, 255, 255, 255, 255, 255, 248, 0, 0, 0],
    &[0, 0, 145, 255, 255, 255, 255, 255, 255, 101, 0, 0, 0, 0, 0, 45, 255, 255, 255, 255, 255, 255, 61, 197, 255, 255, 255, 255, 255, 248, 0, 0, 0],
    &[0, 0, 145, 255, 255, 255, 255, 255, 255, 101, 0, 0, 0, 0, 0, 0, 218, 255, 255, 255, 255, 255, 145, 184, 255, 255, 255, 255, 255, 248, 0, 0, 0],
    &[0, 0, 145, 255, 255, 255, 255, 255, 255, 101, 0, 0, 0, 0, 0, 0, 135, 255, 255, 255, 255, 255, 227, 172, 255, 255, 255, 255, 255, 248, 0, 0, 0],
    &[0, 0, 145, 255, 255, 255, 255, 255, 255, 101, 0, 0, 0, 0, 0, 0, 52, 255, 255, 255, 255, 255, 255, 226, 255, 255, 255, 255, 255, 248, 0, 0, 0],
    &[0, 0, 145, 255, 255, 255, 255, 255, 255, 101, 0, 0, 0, 0, 0, 0, 0, 225, 255, 255, 255, 255, 255, 255, 255, 255, 255, 255, 255, 248, 0, 0, 0],
    &[0, 0, 145, 255, 255, 255, 255, 255, 255, 101, 0, 0, 0, 0, 0, 0, 0, 142, 255, 255, 255, 255, 255, 255, 255, 255, 255, 255, 255, 248, 0, 0, 0],
    &[0, 0, 145, 255, 255, 255, 255, 255, 255, 101, 0, 0, 0, 0, 0, 0, 0, 60, 255, 255, 255, 255, 255, 255, 255, 255, 255, 255, 255, 248, 0, 0, 0],
    &[0, 0, 145, 255, 255, 255, 255, 255, 255, 101, 0, 0, 0, 0, 0, 0, 0, 2, 230, 255, 255, 255, 255, 255, 255, 255, 255, 255, 255, 248, 0, 0, 0],
    &[0, 0, 145, 255, 255, 255, 255, 255, 255, 101, 0, 0, 0, 0, 0, 0, 0, 0, 150, 255, 255, 255, 255, 255, 255, 255, 255, 255, 255, 248, 0, 0, 0],
    &[0, 0, 145, 255, 255, 255, 255, 255, 255, 101, 0, 0, 0, 0, 0, 0, 0, 0, 67, 255, 255, 255, 255, 255, 255, 255, 255, 255, 255, 248, 0, 0, 0],
    &[0, 0, 145, 255, 255, 255, 255, 255, 255, 101, 0, 0, 0, 0, 0, 0, 0, 0, 3, 236, 255, 255, 255, 255, 255, 255, 255, 255, 255, 248, 0, 0, 0],
    &[0, 0, 0, 0, 0, 0, 0, 0, 0, 0, 0, 0, 0, 0, 0, 0, 0, 0, 0, 0, 0, 0, 0, 0, 0, 0, 0, 0, 0, 0, 0, 0, 0],
    &[0, 0, 0, 0, 0, 0, 0, 0, 0, 0, 0, 0, 0, 0, 0, 0, 0, 0, 0, 0, 0, 0, 0, 0, 0, 0, 0, 0, 0, 0, 0, 0, 0],
    &[0, 0, 0, 0, 0, 0, 0, 0, 0, 0, 0, 0, 0, 0, 0, 0, 0, 0, 0, 0, 0, 0, 0, 0, 0, 0, 0, 0, 0, 0, 0, 0, 0],
    &[0, 0, 0, 0, 0, 0, 0, 0, 0, 0, 0, 0, 0, 0, 0, 0, 0, 0, 0, 0, 0, 0, 0, 0, 0, 0, 0, 0, 0, 0, 0, 0, 0],
    &[0, 0, 0, 0, 0, 0, 0, 0, 0, 0, 0, 0, 0, 0, 0, 0, 0, 0, 0, 0, 0, 0, 0, 0, 0, 0, 0, 0, 0, 0, 0, 0, 0],
    &[0, 0, 0, 0, 0, 0, 0, 0, 0, 0, 0, 0, 0, 0, 0, 0, 0, 0, 0, 0, 0, 0, 0, 0, 0, 0, 0, 0, 0, 0, 0, 0, 0],
    &[0, 0, 0, 0, 0, 0, 0, 0, 0, 0, 0, 0, 0, 0, 0, 0, 0, 0, 0, 0, 0, 0, 0, 0, 0, 0, 0, 0, 0, 0, 0, 0, 0],
    &[0, 0, 0, 0, 0, 0, 0, 0, 0, 0, 0, 0, 0, 0, 0, 0, 0, 0, 0, 0, 0, 0, 0, 0, 0, 0, 0, 0, 0, 0, 0, 0, 0],
    &[0, 0, 0, 0, 0, 0, 0, 0, 0, 0, 0, 0, 0, 0, 0, 0, 0, 0, 0, 0, 0, 0, 0, 0, 0, 0, 0, 0, 0, 0, 0, 0, 0],
    &[0, 0, 0, 0, 0, 0, 0, 0, 0, 0, 0, 0, 0, 0, 0, 0, 0, 0, 0, 0, 0, 0, 0, 0, 0, 0, 0, 0, 0, 0, 0, 0, 0],
    &[0, 0, 0, 0, 0, 0, 0, 0, 0, 0, 0, 0, 0, 0, 0, 0, 0, 0, 0, 0, 0, 0, 0, 0, 0, 0, 0, 0, 0, 0, 0, 0, 0],
    &[0, 0, 0, 0, 0, 0, 0, 0, 0, 0, 0, 0, 0, 0, 0, 0, 0, 0, 0, 0, 0, 0, 0, 0, 0, 0, 0, 0, 0, 0, 0, 0, 0],
    &[0, 0, 0, 0, 0, 0, 0, 0, 0, 0, 0, 0, 0, 0, 0, 0, 0, 0, 0, 0, 0, 0, 0, 0, 0, 0, 0, 0, 0, 0, 0, 0, 0],
    &[0, 0, 0, 0, 0, 0, 0, 0, 0, 0, 0, 0, 0, 0, 0, 0, 0, 0, 0, 0, 0, 0, 0, 0, 0, 0, 0, 0, 0, 0, 0, 0, 0],
]