&[
    &[0, 0, 0, 0, 0, 0, 0, 0, 0],
    &[0, 0, 0, 0, 0, 0, 0, 0, 0],
    &[0, 0, 0, 0, 0, 0, 0, 0, 0],
    &[0, 0, 0, 0, 0, 0, 0, 0, 0],
    &[0, 135, 203, 182, 183, 191, 100, 0, 0],
    &[0, 135, 72, 0, 0, 8, 177, 71, 0],
    &[0, 135, 72, 0, 0, 0, 77, 138, 0],
    &[0, 135, 72, 0, 0, 0, 82, 133, 0],
    &[0, 135, 72, 0, 0, 21, 194, 46, 0],
    &[0, 135, 205, 186, 186, 180, 64, 0, 0],
    &[0, 135, 72, 0, 0, 0, 0, 0, 0],
    &[0, 135, 72, 0, 0, 0, 0, 0, 0],
    &[0, 135, 72, 0, 0, 0, 0, 0, 0],
    &[0, 135, 72, 0, 0, 0, 0, 0, 0],
    &[0, 0, 0, 0, 0, 0, 0, 0, 0],
    &[0, 0, 0, 0, 0, 0, 0, 0, 0],
    &[0, 0, 0, 0, 0, 0, 0, 0, 0],
    &[0, 0, 0, 0, 0, 0, 0, 0, 0],
    &[0, 0, 0, 0, 0, 0, 0, 0, 0],
    &[0, 0, 0, 0, 0, 0, 0, 0, 0],
]