&[
    &[0, 0, 0, 0, 0, 0, 0, 0, 0, 0, 0, 0, 0, 0, 0, 0, 0, 0, 0, 0, 0, 0, 0, 0, 0, 0, 0, 0, 0, 0, 0, 0, 0],
    &[0, 0, 0, 0, 0, 0, 0, 0, 0, 0, 0, 0, 0, 0, 0, 0, 0, 0, 0, 0, 0, 0, 0, 0, 0, 0, 0, 0, 0, 0, 0, 0, 0],
    &[0, 0, 0, 0, 0, 0, 0, 0, 0, 0, 0, 0, 0, 0, 0, 0, 0, 0, 0, 0, 0, 0, 0, 0, 0, 0, 0, 0, 0, 0, 0, 0, 0],
    &[0, 0, 0, 0, 0, 0, 0, 0, 0, 0, 0, 0, 0, 0, 0, 0, 0, 0, 0, 0, 0, 0, 0, 0, 0, 0, 0, 0, 0, 0, 0, 0, 0],
    &[0, 0, 0, 0, 0, 0, 0, 0, 0, 0, 0, 0, 0, 0, 0, 0, 0, 0, 0, 0, 0, 0, 0, 0, 0, 0, 0, 0, 0, 0, 0, 0, 0],
    &[0, 0, 0, 0, 0, 0, 0, 0, 0, 0, 0, 0, 0, 0, 0, 0, 0, 0, 0, 0, 0, 0, 0, 0, 0, 0, 0, 0, 0, 0, 0, 0, 0],
    &[0, 0, 0, 0, 0, 0, 0, 0, 0, 0, 0, 0, 0, 0, 0, 0, 0, 0, 0, 0, 0, 0, 0, 0, 0, 0, 0, 0, 0, 0, 0, 0, 0],
    &[0, 0, 0, 0, 0, 0, 0, 0, 0, 0, 0, 0, 0, 0, 0, 0, 0, 0, 0, 0, 0, 0, 0, 0, 0, 0, 0, 0, 0, 0, 0, 0, 0],
    &[0, 0, 0, 0, 0, 0, 0, 0, 0, 0, 0, 0, 0, 0, 0, 0, 0, 0, 0, 0, 0, 0, 0, 0, 0, 0, 0, 0, 0, 0, 0, 0, 0],
    &[0, 0, 0, 0, 0, 0, 0, 0, 0, 0, 0, 0, 0, 0, 0, 0, 0, 0, 0, 0, 0, 0, 0, 0, 0, 0, 0, 0, 0, 0, 0, 0, 0],
    &[0, 0, 0, 0, 0, 0, 0, 0, 0, 0, 0, 0, 0, 0, 0, 0, 0, 0, 0, 0, 0, 0, 0, 0, 0, 0, 0, 0, 0, 0, 0, 0, 0],
    &[0, 0, 81, 142, 142, 142, 142, 142, 142, 142, 36, 0, 0, 0, 0, 0, 0, 0, 0, 0, 0, 0, 122, 142, 142, 142, 142, 142, 142, 138, 0, 0, 0],
    &[0, 0, 145, 255, 255, 255, 255, 255, 255, 255, 66, 0, 0, 0, 0, 0, 0, 0, 0, 0, 0, 0, 220, 255, 255, 255, 255, 255, 255, 248, 0, 0, 0],
    &[0, 0, 145, 255, 255, 255, 255, 255, 255, 255, 66, 0, 0, 0, 0, 0, 0, 0, 0, 0, 0, 0, 220, 255, 255, 255, 255, 255, 255, 248, 0, 0, 0],
    &[0, 0, 145, 255, 255, 255, 255, 255, 255, 255, 66, 0, 0, 0, 0, 0, 0, 0, 0, 0, 0, 0, 220, 255, 255, 255, 255, 255, 255, 248, 0, 0, 0],
    &[0, 0, 145, 255, 255, 255, 255, 255, 255, 255, 66, 0, 0, 0, 0, 0, 0, 0, 0, 0, 0, 0, 220, 255, 255, 255, 255, 255, 255, 248, 0, 0, 0],
    &[0, 0, 145, 255, 255, 255, 255, 255, 255, 255, 66, 0, 0, 0, 0, 0, 0, 0, 0, 0, 0, 0, 220, 255, 255, 255, 255, 255, 255, 248, 0, 0, 0],
    &[0, 0, 145, 255, 255, 255, 255, 255, 255, 255, 66, 0, 0, 0, 0, 0, 0, 0, 0, 0, 0, 0, 220, 255, 255, 255, 255, 255, 255, 248, 0, 0, 0],
    &[0, 0, 145, 255, 255, 255, 255, 255, 255, 255, 66, 0, 0, 0, 0, 0, 0, 0, 0, 0, 0, 0, 220, 255, 255, 255, 255, 255, 255, 248, 0, 0, 0],
    &[0, 0, 145, 255, 255, 255, 255, 255, 255, 255, 66, 0, 0, 0, 0, 0, 0, 0, 0, 0, 0, 0, 220, 255, 255, 255, 255, 255, 255, 248, 0, 0, 0],
    &[0, 0, 145, 255, 255, 255, 255, 255, 255, 255, 66, 0, 0, 0, 0, 0, 0, 0, 0, 0, 0, 0, 220, 255, 255, 255, 255, 255, 255, 248, 0, 0, 0],
    &[0, 0, 145, 255, 255, 255, 255, 255, 255, 255, 66, 0, 0, 0, 0, 0, 0, 0, 0, 0, 0, 0, 220, 255, 255, 255, 255, 255, 255, 248, 0, 0, 0],
    &[0, 0, 145, 255, 255, 255, 255, 255, 255, 255, 66, 0, 0, 0, 0, 0, 0, 0, 0, 0, 0, 0, 220, 255, 255, 255, 255, 255, 255, 248, 0, 0, 0],
    &[0, 0, 145, 255, 255, 255, 255, 255, 255, 255, 66, 0, 0, 0, 0, 0, 0, 0, 0, 0, 0, 0, 220, 255, 255, 255, 255, 255, 255, 248, 0, 0, 0],
    &[0, 0, 145, 255, 255, 255, 255, 255, 255, 255, 66, 0, 0, 0, 0, 0, 0, 0, 0, 0, 0, 0, 220, 255, 255, 255, 255, 255, 255, 248, 0, 0, 0],
    &[0, 0, 145, 255, 255, 255, 255, 255, 255, 255, 66, 0, 0, 0, 0, 0, 0, 0, 0, 0, 0, 0, 220, 255, 255, 255, 255, 255, 255, 248, 0, 0, 0],
    &[0, 0, 145, 255, 255, 255, 255, 255, 255, 255, 66, 0, 0, 0, 0, 0, 0, 0, 0, 0, 0, 0, 220, 255, 255, 255, 255, 255, 255, 248, 0, 0, 0],
    &[0, 0, 145, 255, 255, 255, 255, 255, 255, 255, 66, 0, 0, 0, 0, 0, 0, 0, 0, 0, 0, 0, 220, 255, 255, 255, 255, 255, 255, 248, 0, 0, 0],
    &[0, 0, 145, 255, 255, 255, 255, 255, 255, 255, 66, 0, 0, 0, 0, 0, 0, 0, 0, 0, 0, 0, 220, 255, 255, 255, 255, 255, 255, 248, 0, 0, 0],
    &[0, 0, 145, 255, 255, 255, 255, 255, 255, 255, 66, 0, 0, 0, 0, 0, 0, 0, 0, 0, 0, 0, 220, 255, 255, 255, 255, 255, 255, 248, 0, 0, 0],
    &[0, 0, 145, 255, 255, 255, 255, 255, 255, 255, 66, 0, 0, 0, 0, 0, 0, 0, 0, 0, 0, 0, 220, 255, 255, 255, 255, 255, 255, 248, 0, 0, 0],
    &[0, 0, 145, 255, 255, 255, 255, 255, 255, 255, 66, 0, 0, 0, 0, 0, 0, 0, 0, 0, 0, 0, 220, 255, 255, 255, 255, 255, 255, 248, 0, 0, 0],
    &[0, 0, 145, 255, 255, 255, 255, 255, 255, 255, 66, 0, 0, 0, 0, 0, 0, 0, 0, 0, 0, 0, 220, 255, 255, 255, 255, 255, 255, 248, 0, 0, 0],
    &[0, 0, 145, 255, 255, 255, 255, 255, 255, 255, 66, 0, 0, 0, 0, 0, 0, 0, 0, 0, 0, 0, 220, 255, 255, 255, 255, 255, 255, 248, 0, 0, 0],
    &[0, 0, 145, 255, 255, 255, 255, 255, 255, 255, 66, 0, 0, 0, 0, 0, 0, 0, 0, 0, 0, 0, 220, 255, 255, 255, 255, 255, 255, 248, 0, 0, 0],
    &[0, 0, 145, 255, 255, 255, 255, 255, 255, 255, 68, 0, 0, 0, 0, 0, 0, 0, 0, 0, 0, 0, 222, 255, 255, 255, 255, 255, 255, 248, 0, 0, 0],
    &[0, 0, 145, 255, 255, 255, 255, 255, 255, 255, 81, 0, 0, 0, 0, 0, 0, 0, 0, 0, 0, 0, 234, 255, 255, 255, 255, 255, 255, 248, 0, 0, 0],
    &[0, 0, 138, 255, 255, 255, 255, 255, 255, 255, 96, 0, 0, 0, 0, 0, 0, 0, 0, 0, 0, 0, 248, 255, 255, 255, 255, 255, 255, 240, 0, 0, 0],
    &[0, 0, 126, 255, 255, 255, 255, 255, 255, 255, 124, 0, 0, 0, 0, 0, 0, 0, 0, 0, 0, 20, 255, 255, 255, 255, 255, 255, 255, 227, 0, 0, 0],
    &[0, 0, 100, 255, 255, 255, 255, 255, 255, 255, 181, 0, 0, 0, 0, 0, 0, 0, 0, 0, 0, 74, 255, 255, 255, 255, 255, 255, 255, 198, 0, 0, 0],
    &[0, 0, 62, 255, 255, 255, 255, 255, 255, 255, 241, 14, 0, 0, 0, 0, 0, 0, 0, 0, 0, 146, 255, 255, 255, 255, 255, 255, 255, 158, 0, 0, 0],
    &[0, 0, 11, 249, 255, 255, 255, 255, 255, 255, 255, 129, 0, 0, 0, 0, 0, 0, 0, 0, 24, 246, 255, 255, 255, 255, 255, 255, 255, 97, 0, 0, 0],
    &[0, 0, 0, 189, 255, 255, 255, 255, 255, 255, 255, 251, 95, 0, 0, 0, 0, 0, 0, 21, 207, 255, 255, 255, 255, 255, 255, 255, 252, 25, 0, 0, 0],
    &[0, 0, 0, 90, 255, 255, 255, 255, 255, 255, 255, 255, 255, 196, 107, 73, 63, 90, 148, 241, 255, 255, 255, 255, 255, 255, 255, 255, 176, 0, 0, 0, 0],
    &[0, 0, 0, 6, 221, 255, 255, 255, 255, 255, 255, 255, 255, 255, 255, 255, 255, 255, 255, 255, 255, 255, 255, 255, 255, 255, 255, 253, 53, 0, 0, 0, 0],
    &[0, 0, 0, 0, 75, 255, 255, 255, 255, 255, 255, 255, 255, 255, 255, 255, 255, 255, 255, 255, 255, 255, 255, 255, 255, 255, 255, 148, 0, 0, 0, 0, 0],
    &[0, 0, 0, 0, 0, 132, 255, 255, 255, 255, 255, 255, 255, 255, 255, 255, 255, 255, 255, 255, 255, 255, 255, 255, 255, 255, 194, 6, 0, 0, 0, 0, 0],
    &[0, 0, 0, 0, 0, 0, 131, 255, 255, 255, 255, 255, 255, 255, 255, 255, 255, 255, 255, 255, 255, 255, 255, 255, 255, 181, 12, 0, 0, 0, 0, 0, 0],
    &[0, 0, 0, 0, 0, 0, 0, 73, 222, 255, 255, 255, 255, 255, 255, 255, 255, 255, 255, 255, 255, 255, 255, 241, 109, 2, 0, 0, 0, 0, 0, 0, 0],
    &[0, 0, 0, 0, 0, 0, 0, 0, 5, 90, 187, 248, 255, 255, 255, 255, 255, 255, 255, 255, 253, 202, 115, 15, 0, 0, 0, 0, 0, 0, 0, 0, 0],
    &[0, 0, 0, 0, 0, 0, 0, 0, 0, 0, 0, 10, 56, 95, 119, 131, 133, 121, 102, 64, 19, 0, 0, 0, 0, 0, 0, 0, 0, 0, 0, 0, 0],
    &[0, 0, 0, 0, 0, 0, 0, 0, 0, 0, 0, 0, 0, 0, 0, 0, 0, 0, 0, 0, 0, 0, 0, 0, 0, 0, 0, 0, 0, 0, 0, 0, 0],
    &[0, 0, 0, 0, 0, 0, 0, 0, 0, 0, 0, 0, 0, 0, 0, 0, 0, 0, 0, 0, 0, 0, 0, 0, 0, 0, 0, 0, 0, 0, 0, 0, 0],
    &[0, 0, 0, 0, 0, 0, 0, 0, 0, 0, 0, 0, 0, 0, 0, 0, 0, 0, 0, 0, 0, 0, 0, 0, 0, 0, 0, 0, 0, 0, 0, 0, 0],
    &[0, 0, 0, 0, 0, 0, 0, 0, 0, 0, 0, 0, 0, 0, 0, 0, 0, 0, 0, 0, 0, 0, 0, 0, 0, 0, 0, 0, 0, 0, 0, 0, 0],
    &[0, 0, 0, 0, 0, 0, 0, 0, 0, 0, 0, 0, 0, 0, 0, 0, 0, 0, 0, 0, 0, 0, 0, 0, 0, 0, 0, 0, 0, 0, 0, 0, 0],
    &[0, 0, 0, 0, 0, 0, 0, 0, 0, 0, 0, 0, 0, 0, 0, 0, 0, 0, 0, 0, 0, 0, 0, 0, 0, 0, 0, 0, 0, 0, 0, 0, 0],
    &[0, 0, 0, 0, 0, 0, 0, 0, 0, 0, 0, 0, 0, 0, 0, 0, 0, 0, 0, 0, 0, 0, 0, 0, 0, 0, 0, 0, 0, 0, 0, 0, 0],
    &[0, 0, 0, 0, 0, 0, 0, 0, 0, 0, 0, 0, 0, 0, 0, 0, 0, 0, 0, 0, 0, 0, 0, 0, 0, 0, 0, 0, 0, 0, 0, 0, 0],
    &[0, 0, 0, 0, 0, 0, 0, 0, 0, 0, 0, 0, 0, 0, 0, 0, 0, 0, 0, 0, 0, 0, 0, 0, 0, 0, 0, 0, 0, 0, 0, 0, 0],
    &[0, 0, 0, 0, 0, 0, 0, 0, 0, 0, 0, 0, 0, 0, 0, 0, 0, 0, 0, 0, 0, 0, 0, 0, 0, 0, 0, 0, 0, 0, 0, 0, 0],
    &[0, 0, 0, 0, 0, 0, 0, 0, 0, 0, 0, 0, 0, 0, 0, 0, 0, 0, 0, 0, 0, 0, 0, 0, 0, 0, 0, 0, 0, 0, 0, 0, 0],
    &[0, 0, 0, 0, 0, 0, 0, 0, 0, 0, 0, 0, 0, 0, 0, 0, 0, 0, 0, 0, 0, 0, 0, 0, 0, 0, 0, 0, 0, 0, 0, 0, 0],
    &[0, 0, 0, 0, 0, 0, 0, 0, 0, 0, 0, 0, 0, 0, 0, 0, 0, 0, 0, 0, 0, 0, 0, 0, 0, 0, 0, 0, 0, 0, 0, 0, 0],
]