&[
    &[0, 0, 0, 0, 0, 0, 0, 0, 0],
    &[0, 0, 0, 0, 0, 0, 0, 0, 0],
    &[0, 0, 0, 0, 0, 0, 0, 0, 0],
    &[0, 0, 0, 0, 0, 0, 0, 0, 0],
    &[182, 254, 79, 0, 0, 1, 236, 254, 29],
    &[108, 255, 145, 0, 0, 46, 255, 210, 0],
    &[33, 255, 211, 0, 0, 110, 255, 135, 0],
    &[0, 214, 254, 22, 0, 173, 255, 60, 0],
    &[0, 139, 255, 86, 1, 235, 237, 3, 0],
    &[0, 64, 255, 152, 44, 255, 166, 0, 0],
    &[0, 4, 240, 216, 101, 255, 91, 0, 0],
    &[0, 0, 170, 254, 165, 253, 19, 0, 0],
    &[0, 0, 95, 255, 248, 197, 0, 0, 0],
    &[0, 0, 22, 253, 255, 122, 0, 0, 0],
    &[0, 0, 0, 0, 0, 0, 0, 0, 0],
    &[0, 0, 0, 0, 0, 0, 0, 0, 0],
    &[0, 0, 0, 0, 0, 0, 0, 0, 0],
    &[0, 0, 0, 0, 0, 0, 0, 0, 0],
    &[0, 0, 0, 0, 0, 0, 0, 0, 0],
    &[0, 0, 0, 0, 0, 0, 0, 0, 0],
]