&[
    &[0, 0, 0, 0, 0, 0, 0, 0, 0, 0, 0, 0, 0, 0],
    &[0, 0, 0, 0, 0, 0, 0, 0, 0, 0, 0, 0, 0, 0],
    &[0, 0, 0, 0, 0, 0, 0, 0, 0, 0, 0, 0, 0, 0],
    &[0, 0, 0, 0, 0, 0, 0, 0, 0, 0, 0, 0, 0, 0],
    &[0, 0, 0, 0, 0, 0, 0, 12, 90, 142, 161, 153, 132, 15],
    &[0, 0, 0, 0, 0, 0, 61, 233, 255, 255, 255, 255, 255, 54],
    &[0, 0, 0, 0, 0, 10, 236, 255, 246, 150, 100, 99, 123, 1],
    &[0, 0, 0, 0, 0, 83, 255, 255, 89, 0, 0, 0, 0, 0],
    &[0, 0, 0, 0, 0, 115, 255, 254, 10, 0, 0, 0, 0, 0],
    &[0, 0, 0, 0, 0, 126, 255, 240, 0, 0, 0, 0, 0, 0],
    &[7, 44, 63, 82, 101, 184, 255, 247, 120, 120, 120, 120, 120, 0],
    &[55, 255, 255, 255, 255, 255, 255, 255, 255, 255, 255, 255, 255, 0],
    &[30, 141, 141, 141, 141, 197, 255, 248, 141, 141, 141, 141, 141, 0],
    &[0, 0, 0, 0, 0, 126, 255, 239, 0, 0, 0, 0, 0, 0],
    &[0, 0, 0, 0, 0, 126, 255, 239, 0, 0, 0, 0, 0, 0],
    &[0, 0, 0, 0, 0, 126, 255, 239, 0, 0, 0, 0, 0, 0],
    &[0, 0, 0, 0, 0, 126, 255, 239, 0, 0, 0, 0, 0, 0],
    &[0, 0, 0, 0, 0, 126, 255, 239, 0, 0, 0, 0, 0, 0],
    &[0, 0, 0, 0, 0, 126, 255, 239, 0, 0, 0, 0, 0, 0],
    &[0, 0, 0, 0, 0, 126, 255, 239, 0, 0, 0, 0, 0, 0],
    &[0, 0, 0, 0, 0, 126, 255, 239, 0, 0, 0, 0, 0, 0],
    &[0, 0, 0, 0, 0, 126, 255, 239, 0, 0, 0, 0, 0, 0],
    &[0, 0, 0, 0, 0, 126, 255, 239, 0, 0, 0, 0, 0, 0],
    &[0, 0, 0, 0, 0, 126, 255, 239, 0, 0, 0, 0, 0, 0],
    &[0, 0, 0, 0, 0, 126, 255, 239, 0, 0, 0, 0, 0, 0],
    &[0, 0, 0, 0, 0, 0, 0, 0, 0, 0, 0, 0, 0, 0],
    &[0, 0, 0, 0, 0, 0, 0, 0, 0, 0, 0, 0, 0, 0],
    &[0, 0, 0, 0, 0, 0, 0, 0, 0, 0, 0, 0, 0, 0],
    &[0, 0, 0, 0, 0, 0, 0, 0, 0, 0, 0, 0, 0, 0],
    &[0, 0, 0, 0, 0, 0, 0, 0, 0, 0, 0, 0, 0, 0],
    &[0, 0, 0, 0, 0, 0, 0, 0, 0, 0, 0, 0, 0, 0],
    &[0, 0, 0, 0, 0, 0, 0, 0, 0, 0, 0, 0, 0, 0],
]