&[
    &[0, 0, 0, 0, 0, 0, 0, 0, 0, 0, 0, 0, 0, 0, 0, 0, 0],
    &[0, 0, 0, 0, 0, 0, 0, 0, 0, 0, 0, 0, 0, 0, 0, 0, 0],
    &[0, 0, 0, 0, 0, 0, 0, 0, 0, 0, 0, 0, 0, 0, 0, 0, 0],
    &[0, 0, 0, 0, 0, 0, 0, 0, 0, 0, 0, 0, 0, 0, 0, 0, 0],
    &[0, 0, 65, 133, 10, 0, 0, 0, 0, 0, 0, 0, 0, 0, 0, 0, 0],
    &[0, 0, 125, 255, 19, 0, 0, 0, 0, 0, 0, 0, 0, 0, 0, 0, 0],
    &[0, 0, 125, 255, 19, 0, 0, 0, 0, 0, 0, 0, 0, 0, 0, 0, 0],
    &[0, 0, 125, 255, 19, 0, 0, 0, 0, 0, 0, 0, 0, 0, 0, 0, 0],
    &[0, 0, 125, 255, 19, 0, 0, 0, 0, 0, 0, 0, 0, 0, 0, 0, 0],
    &[0, 0, 125, 255, 19, 0, 0, 0, 0, 0, 0, 0, 0, 0, 0, 0, 0],
    &[0, 0, 125, 255, 19, 0, 37, 119, 153, 151, 108, 22, 0, 0, 0, 0, 0],
    &[0, 0, 125, 255, 16, 130, 252, 214, 185, 213, 252, 245, 87, 0, 0, 0, 0],
    &[0, 0, 125, 255, 116, 216, 50, 0, 0, 0, 47, 215, 250, 43, 0, 0, 0],
    &[0, 0, 125, 255, 224, 25, 0, 0, 0, 0, 0, 58, 255, 146, 0, 0, 0],
    &[0, 0, 125, 255, 134, 0, 0, 0, 0, 0, 0, 0, 227, 197, 0, 0, 0],
    &[0, 0, 125, 255, 62, 0, 0, 0, 0, 0, 0, 0, 194, 215, 0, 0, 0],
    &[0, 0, 125, 255, 33, 0, 0, 0, 0, 0, 0, 0, 182, 217, 0, 0, 0],
    &[0, 0, 125, 255, 20, 0, 0, 0, 0, 0, 0, 0, 182, 217, 0, 0, 0],
    &[0, 0, 125, 255, 19, 0, 0, 0, 0, 0, 0, 0, 182, 217, 0, 0, 0],
    &[0, 0, 125, 255, 19, 0, 0, 0, 0, 0, 0, 0, 182, 217, 0, 0, 0],
    &[0, 0, 125, 255, 19, 0, 0, 0, 0, 0, 0, 0, 182, 217, 0, 0, 0],
    &[0, 0, 125, 255, 19, 0, 0, 0, 0, 0, 0, 0, 182, 217, 0, 0, 0],
    &[0, 0, 125, 255, 19, 0, 0, 0, 0, 0, 0, 0, 182, 217, 0, 0, 0],
    &[0, 0, 125, 255, 19, 0, 0, 0, 0, 0, 0, 0, 182, 217, 0, 0, 0],
    &[0, 0, 125, 255, 19, 0, 0, 0, 0, 0, 0, 0, 182, 217, 0, 0, 0],
    &[0, 0, 0, 0, 0, 0, 0, 0, 0, 0, 0, 0, 0, 0, 0, 0, 0],
    &[0, 0, 0, 0, 0, 0, 0, 0, 0, 0, 0, 0, 0, 0, 0, 0, 0],
    &[0, 0, 0, 0, 0, 0, 0, 0, 0, 0, 0, 0, 0, 0, 0, 0, 0],
    &[0, 0, 0, 0, 0, 0, 0, 0, 0, 0, 0, 0, 0, 0, 0, 0, 0],
    &[0, 0, 0, 0, 0, 0, 0, 0, 0, 0, 0, 0, 0, 0, 0, 0, 0],
    &[0, 0, 0, 0, 0, 0, 0, 0, 0, 0, 0, 0, 0, 0, 0, 0, 0],
    &[0, 0, 0, 0, 0, 0, 0, 0, 0, 0, 0, 0, 0, 0, 0, 0, 0],
]