&[
    &[0, 0, 0, 0, 0, 0, 0, 0, 0, 0, 0, 0, 0, 0, 0, 0, 0, 0, 0, 0, 0, 0, 0, 0, 0, 0, 0, 0, 0, 0, 0, 0, 0],
    &[0, 0, 0, 0, 0, 0, 0, 0, 0, 0, 0, 0, 0, 0, 0, 0, 0, 0, 0, 0, 0, 0, 0, 0, 0, 0, 0, 0, 0, 0, 0, 0, 0],
    &[0, 0, 0, 0, 0, 0, 0, 0, 0, 0, 0, 0, 0, 0, 0, 0, 0, 0, 0, 0, 0, 0, 0, 0, 0, 0, 0, 0, 0, 0, 0, 0, 0],
    &[0, 0, 0, 0, 0, 0, 0, 0, 0, 0, 0, 0, 0, 0, 0, 0, 0, 0, 0, 0, 0, 0, 0, 0, 0, 0, 0, 0, 0, 0, 0, 0, 0],
    &[0, 0, 0, 0, 0, 0, 0, 0, 0, 0, 0, 0, 0, 0, 0, 0, 0, 0, 0, 0, 0, 0, 0, 0, 0, 0, 0, 0, 0, 0, 0, 0, 0],
    &[0, 0, 0, 0, 0, 0, 0, 0, 0, 0, 0, 0, 0, 0, 0, 0, 0, 0, 0, 0, 0, 0, 0, 0, 0, 0, 0, 0, 0, 0, 0, 0, 0],
    &[0, 0, 0, 0, 0, 0, 0, 0, 0, 0, 0, 0, 0, 0, 0, 0, 0, 0, 0, 0, 0, 0, 0, 0, 0, 0, 0, 0, 0, 0, 0, 0, 0],
    &[0, 0, 0, 0, 0, 0, 0, 0, 0, 0, 0, 0, 0, 0, 0, 0, 0, 0, 0, 0, 0, 0, 0, 0, 0, 0, 0, 0, 0, 0, 0, 0, 0],
    &[0, 0, 0, 10, 10, 10, 10, 10, 10, 10, 8, 0, 0, 0, 0, 0, 0, 0, 0, 0, 0, 0, 0, 0, 0, 0, 0, 0, 0, 0, 0, 0, 0],
    &[0, 0, 7, 255, 255, 255, 255, 255, 255, 255, 204, 0, 0, 0, 0, 0, 0, 0, 0, 0, 0, 0, 0, 0, 0, 0, 0, 0, 0, 0, 0, 0, 0],
    &[0, 0, 7, 255, 255, 255, 255, 255, 255, 255, 204, 0, 0, 0, 0, 0, 0, 0, 0, 0, 0, 0, 0, 0, 0, 0, 0, 0, 0, 0, 0, 0, 0],
    &[0, 0, 7, 255, 255, 255, 255, 255, 255, 255, 204, 0, 0, 0, 0, 0, 0, 0, 0, 0, 0, 0, 0, 0, 0, 0, 0, 0, 0, 0, 0, 0, 0],
    &[0, 0, 7, 255, 255, 255, 255, 255, 255, 255, 204, 0, 0, 0, 0, 0, 0, 0, 0, 0, 0, 0, 0, 0, 0, 0, 0, 0, 0, 0, 0, 0, 0],
    &[0, 0, 7, 255, 255, 255, 255, 255, 255, 255, 204, 0, 0, 0, 0, 0, 0, 0, 0, 0, 0, 0, 0, 0, 0, 0, 0, 0, 0, 0, 0, 0, 0],
    &[0, 0, 7, 255, 255, 255, 255, 255, 255, 255, 204, 0, 0, 0, 0, 0, 0, 0, 0, 0, 0, 0, 0, 0, 0, 0, 0, 0, 0, 0, 0, 0, 0],
    &[0, 0, 7, 255, 255, 255, 255, 255, 255, 255, 204, 0, 0, 0, 0, 0, 0, 0, 0, 0, 0, 0, 0, 0, 0, 0, 0, 0, 0, 0, 0, 0, 0],
    &[0, 0, 7, 255, 255, 255, 255, 255, 255, 255, 204, 0, 0, 0, 0, 0, 0, 0, 0, 0, 0, 0, 0, 0, 0, 0, 0, 0, 0, 0, 0, 0, 0],
    &[0, 0, 7, 255, 255, 255, 255, 255, 255, 255, 204, 0, 0, 0, 0, 0, 0, 0, 0, 0, 0, 0, 0, 0, 0, 0, 0, 0, 0, 0, 0, 0, 0],
    &[0, 0, 7, 255, 255, 255, 255, 255, 255, 255, 202, 0, 0, 0, 0, 0, 0, 0, 0, 0, 0, 0, 0, 0, 0, 0, 0, 0, 0, 0, 0, 0, 0],
    &[0, 0, 7, 255, 255, 255, 255, 255, 255, 255, 200, 0, 0, 0, 0, 0, 0, 0, 0, 2, 0, 0, 0, 0, 0, 0, 0, 0, 0, 0, 0, 0, 0],
    &[0, 0, 7, 255, 255, 255, 255, 255, 255, 255, 198, 0, 0, 0, 11, 102, 175, 225, 246, 255, 241, 221, 170, 104, 15, 0, 0, 0, 0, 0, 0, 0, 0],
    &[0, 0, 7, 255, 255, 255, 255, 255, 255, 255, 190, 0, 0, 86, 236, 255, 255, 255, 255, 255, 255, 255, 255, 255, 239, 121, 2, 0, 0, 0, 0, 0, 0],
    &[0, 0, 7, 255, 255, 255, 255, 255, 255, 255, 181, 0, 117, 255, 255, 255, 255, 255, 255, 255, 255, 255, 255, 255, 255, 255, 177, 9, 0, 0, 0, 0, 0],
    &[0, 0, 7, 255, 255, 255, 255, 255, 255, 255, 171, 85, 255, 255, 255, 255, 255, 255, 255, 255, 255, 255, 255, 255, 255, 255, 255, 156, 0, 0, 0, 0, 0],
    &[0, 0, 7, 255, 255, 255, 255, 255, 255, 255, 228, 242, 255, 255, 255, 255, 255, 255, 255, 255, 255, 255, 255, 255, 255, 255, 255, 255, 73, 0, 0, 0, 0],
    &[0, 0, 7, 255, 255, 255, 255, 255, 255, 255, 255, 255, 255, 255, 255, 255, 255, 255, 255, 255, 255, 255, 255, 255, 255, 255, 255, 255, 191, 0, 0, 0, 0],
    &[0, 0, 7, 255, 255, 255, 255, 255, 255, 255, 255, 255, 255, 255, 231, 162, 129, 143, 185, 250, 255, 255, 255, 255, 255, 255, 255, 255, 255, 29, 0, 0, 0],
    &[0, 0, 7, 255, 255, 255, 255, 255, 255, 255, 255, 255, 255, 124, 8, 0, 0, 0, 0, 45, 205, 255, 255, 255, 255, 255, 255, 255, 255, 89, 0, 0, 0],
    &[0, 0, 7, 255, 255, 255, 255, 255, 255, 255, 255, 255, 129, 0, 0, 0, 0, 0, 0, 0, 34, 250, 255, 255, 255, 255, 255, 255, 255, 138, 0, 0, 0],
    &[0, 0, 7, 255, 255, 255, 255, 255, 255, 255, 255, 231, 6, 0, 0, 0, 0, 0, 0, 0, 0, 153, 255, 255, 255, 255, 255, 255, 255, 157, 0, 0, 0],
    &[0, 0, 7, 255, 255, 255, 255, 255, 255, 255, 255, 129, 0, 0, 0, 0, 0, 0, 0, 0, 0, 97, 255, 255, 255, 255, 255, 255, 255, 173, 0, 0, 0],
    &[0, 0, 7, 255, 255, 255, 255, 255, 255, 255, 255, 68, 0, 0, 0, 0, 0, 0, 0, 0, 0, 69, 255, 255, 255, 255, 255, 255, 255, 179, 0, 0, 0],
    &[0, 0, 7, 255, 255, 255, 255, 255, 255, 255, 255, 18, 0, 0, 0, 0, 0, 0, 0, 0, 0, 41, 255, 255, 255, 255, 255, 255, 255, 179, 0, 0, 0],
    &[0, 0, 7, 255, 255, 255, 255, 255, 255, 255, 239, 0, 0, 0, 0, 0, 0, 0, 0, 0, 0, 33, 255, 255, 255, 255, 255, 255, 255, 179, 0, 0, 0],
    &[0, 0, 7, 255, 255, 255, 255, 255, 255, 255, 226, 0, 0, 0, 0, 0, 0, 0, 0, 0, 0, 33, 255, 255, 255, 255, 255, 255, 255, 179, 0, 0, 0],
    &[0, 0, 7, 255, 255, 255, 255, 255, 255, 255, 213, 0, 0, 0, 0, 0, 0, 0, 0, 0, 0, 33, 255, 255, 255, 255, 255, 255, 255, 179, 0, 0, 0],
    &[0, 0, 7, 255, 255, 255, 255, 255, 255, 255, 204, 0, 0, 0, 0, 0, 0, 0, 0, 0, 0, 33, 255, 255, 255, 255, 255, 255, 255, 179, 0, 0, 0],
    &[0, 0, 7, 255, 255, 255, 255, 255, 255, 255, 204, 0, 0, 0, 0, 0, 0, 0, 0, 0, 0, 33, 255, 255, 255, 255, 255, 255, 255, 179, 0, 0, 0],
    &[0, 0, 7, 255, 255, 255, 255, 255, 255, 255, 204, 0, 0, 0, 0, 0, 0, 0, 0, 0, 0, 33, 255, 255, 255, 255, 255, 255, 255, 179, 0, 0, 0],
    &[0, 0, 7, 255, 255, 255, 255, 255, 255, 255, 204, 0, 0, 0, 0, 0, 0, 0, 0, 0, 0, 33, 255, 255, 255, 255, 255, 255, 255, 179, 0, 0, 0],
    &[0, 0, 7, 255, 255, 255, 255, 255, 255, 255, 204, 0, 0, 0, 0, 0, 0, 0, 0, 0, 0, 33, 255, 255, 255, 255, 255, 255, 255, 179, 0, 0, 0],
    &[0, 0, 7, 255, 255, 255, 255, 255, 255, 255, 204, 0, 0, 0, 0, 0, 0, 0, 0, 0, 0, 33, 255, 255, 255, 255, 255, 255, 255, 179, 0, 0, 0],
    &[0, 0, 7, 255, 255, 255, 255, 255, 255, 255, 204, 0, 0, 0, 0, 0, 0, 0, 0, 0, 0, 33, 255, 255, 255, 255, 255, 255, 255, 179, 0, 0, 0],
    &[0, 0, 7, 255, 255, 255, 255, 255, 255, 255, 204, 0, 0, 0, 0, 0, 0, 0, 0, 0, 0, 33, 255, 255, 255, 255, 255, 255, 255, 179, 0, 0, 0],
    &[0, 0, 7, 255, 255, 255, 255, 255, 255, 255, 204, 0, 0, 0, 0, 0, 0, 0, 0, 0, 0, 33, 255, 255, 255, 255, 255, 255, 255, 179, 0, 0, 0],
    &[0, 0, 7, 255, 255, 255, 255, 255, 255, 255, 204, 0, 0, 0, 0, 0, 0, 0, 0, 0, 0, 33, 255, 255, 255, 255, 255, 255, 255, 179, 0, 0, 0],
    &[0, 0, 7, 255, 255, 255, 255, 255, 255, 255, 204, 0, 0, 0, 0, 0, 0, 0, 0, 0, 0, 33, 255, 255, 255, 255, 255, 255, 255, 179, 0, 0, 0],
    &[0, 0, 7, 255, 255, 255, 255, 255, 255, 255, 204, 0, 0, 0, 0, 0, 0, 0, 0, 0, 0, 33, 255, 255, 255, 255, 255, 255, 255, 179, 0, 0, 0],
    &[0, 0, 7, 255, 255, 255, 255, 255, 255, 255, 204, 0, 0, 0, 0, 0, 0, 0, 0, 0, 0, 33, 255, 255, 255, 255, 255, 255, 255, 179, 0, 0, 0],
    &[0, 0, 7, 255, 255, 255, 255, 255, 255, 255, 204, 0, 0, 0, 0, 0, 0, 0, 0, 0, 0, 33, 255, 255, 255, 255, 255, 255, 255, 179, 0, 0, 0],
    &[0, 0, 0, 0, 0, 0, 0, 0, 0, 0, 0, 0, 0, 0, 0, 0, 0, 0, 0, 0, 0, 0, 0, 0, 0, 0, 0, 0, 0, 0, 0, 0, 0],
    &[0, 0, 0, 0, 0, 0, 0, 0, 0, 0, 0, 0, 0, 0, 0, 0, 0, 0, 0, 0, 0, 0, 0, 0, 0, 0, 0, 0, 0, 0, 0, 0, 0],
    &[0, 0, 0, 0, 0, 0, 0, 0, 0, 0, 0, 0, 0, 0, 0, 0, 0, 0, 0, 0, 0, 0, 0, 0, 0, 0, 0, 0, 0, 0, 0, 0, 0],
    &[0, 0, 0, 0, 0, 0, 0, 0, 0, 0, 0, 0, 0, 0, 0, 0, 0, 0, 0, 0, 0, 0, 0, 0, 0, 0, 0, 0, 0, 0, 0, 0, 0],
    &[0, 0, 0, 0, 0, 0, 0, 0, 0, 0, 0, 0, 0, 0, 0, 0, 0, 0, 0, 0, 0, 0, 0, 0, 0, 0, 0, 0, 0, 0, 0, 0, 0],
    &[0, 0, 0, 0, 0, 0, 0, 0, 0, 0, 0, 0, 0, 0, 0, 0, 0, 0, 0, 0, 0, 0, 0, 0, 0, 0, 0, 0, 0, 0, 0, 0, 0],
    &[0, 0, 0, 0, 0, 0, 0, 0, 0, 0, 0, 0, 0, 0, 0, 0, 0, 0, 0, 0, 0, 0, 0, 0, 0, 0, 0, 0, 0, 0, 0, 0, 0],
    &[0, 0, 0, 0, 0, 0, 0, 0, 0, 0, 0, 0, 0, 0, 0, 0, 0, 0, 0, 0, 0, 0, 0, 0, 0, 0, 0, 0, 0, 0, 0, 0, 0],
    &[0, 0, 0, 0, 0, 0, 0, 0, 0, 0, 0, 0, 0, 0, 0, 0, 0, 0, 0, 0, 0, 0, 0, 0, 0, 0, 0, 0, 0, 0, 0, 0, 0],
    &[0, 0, 0, 0, 0, 0, 0, 0, 0, 0, 0, 0, 0, 0, 0, 0, 0, 0, 0, 0, 0, 0, 0, 0, 0, 0, 0, 0, 0, 0, 0, 0, 0],
    &[0, 0, 0, 0, 0, 0, 0, 0, 0, 0, 0, 0, 0, 0, 0, 0, 0, 0, 0, 0, 0, 0, 0, 0, 0, 0, 0, 0, 0, 0, 0, 0, 0],
    &[0, 0, 0, 0, 0, 0, 0, 0, 0, 0, 0, 0, 0, 0, 0, 0, 0, 0, 0, 0, 0, 0, 0, 0, 0, 0, 0, 0, 0, 0, 0, 0, 0],
    &[0, 0, 0, 0, 0, 0, 0, 0, 0, 0, 0, 0, 0, 0, 0, 0, 0, 0, 0, 0, 0, 0, 0, 0, 0, 0, 0, 0, 0, 0, 0, 0, 0],
    &[0, 0, 0, 0, 0, 0, 0, 0, 0, 0, 0, 0, 0, 0, 0, 0, 0, 0, 0, 0, 0, 0, 0, 0, 0, 0, 0, 0, 0, 0, 0, 0, 0],
]