&[
    &[0, 0, 0, 0, 0, 0, 0, 0, 0, 0, 0, 0, 0],
    &[0, 0, 0, 0, 0, 0, 0, 0, 0, 0, 0, 0, 0],
    &[0, 0, 0, 0, 0, 0, 0, 0, 0, 0, 0, 0, 0],
    &[0, 0, 0, 0, 0, 0, 0, 0, 0, 0, 0, 0, 0],
    &[0, 0, 183, 236, 245, 245, 245, 70, 0, 0, 0, 0, 0],
    &[0, 0, 0, 0, 3, 15, 239, 73, 0, 0, 0, 0, 0],
    &[0, 0, 0, 0, 0, 0, 238, 73, 0, 0, 0, 0, 0],
    &[0, 0, 0, 0, 0, 0, 238, 73, 0, 0, 0, 0, 0],
    &[0, 0, 0, 0, 0, 0, 238, 73, 0, 0, 0, 0, 0],
    &[0, 0, 0, 0, 0, 0, 238, 73, 0, 0, 0, 0, 0],
    &[0, 0, 0, 0, 0, 0, 238, 73, 0, 0, 0, 0, 0],
    &[0, 0, 0, 0, 0, 0, 238, 73, 0, 0, 0, 0, 0],
    &[0, 0, 0, 0, 0, 0, 238, 73, 0, 0, 0, 0, 0],
    &[0, 0, 0, 0, 0, 0, 238, 73, 0, 0, 0, 0, 0],
    &[0, 0, 0, 0, 0, 0, 238, 73, 0, 0, 0, 0, 0],
    &[0, 0, 0, 0, 0, 0, 238, 73, 0, 0, 0, 0, 0],
    &[0, 0, 0, 0, 0, 0, 238, 73, 0, 0, 0, 0, 0],
    &[0, 0, 0, 0, 0, 0, 238, 73, 0, 0, 0, 0, 0],
    &[0, 0, 0, 0, 0, 6, 239, 79, 0, 0, 0, 0, 0],
    &[0, 24, 227, 238, 250, 255, 255, 255, 253, 241, 229, 52, 0],
    &[0, 0, 0, 0, 0, 0, 0, 0, 0, 0, 0, 0, 0],
    &[0, 0, 0, 0, 0, 0, 0, 0, 0, 0, 0, 0, 0],
    &[0, 0, 0, 0, 0, 0, 0, 0, 0, 0, 0, 0, 0],
    &[0, 0, 0, 0, 0, 0, 0, 0, 0, 0, 0, 0, 0],
]