&[
    &[0, 0, 0, 0, 0, 0, 0, 0, 0, 0, 0, 0, 0, 0, 0, 0, 0, 0, 0, 0, 0, 0, 0, 0, 0, 0, 0, 0, 0, 0, 0, 0, 0],
    &[0, 0, 0, 0, 0, 0, 0, 0, 0, 0, 0, 0, 0, 0, 0, 0, 0, 0, 0, 0, 0, 0, 0, 0, 0, 0, 0, 0, 0, 0, 0, 0, 0],
    &[0, 0, 0, 0, 0, 0, 0, 0, 0, 0, 0, 0, 0, 0, 0, 0, 0, 0, 0, 0, 0, 0, 0, 0, 0, 0, 0, 0, 0, 0, 0, 0, 0],
    &[0, 0, 0, 0, 0, 0, 0, 0, 0, 0, 0, 0, 0, 0, 0, 0, 0, 0, 0, 0, 0, 0, 0, 0, 0, 0, 0, 0, 0, 0, 0, 0, 0],
    &[0, 0, 0, 0, 0, 0, 0, 0, 0, 0, 0, 0, 0, 0, 0, 0, 0, 0, 0, 0, 0, 0, 0, 0, 0, 0, 0, 0, 0, 0, 0, 0, 0],
    &[0, 0, 0, 0, 0, 0, 0, 0, 0, 0, 0, 0, 0, 0, 0, 0, 0, 0, 0, 0, 0, 0, 0, 0, 0, 0, 0, 0, 0, 0, 0, 0, 0],
    &[0, 0, 0, 0, 0, 0, 0, 0, 0, 0, 0, 0, 0, 0, 0, 0, 0, 0, 0, 0, 0, 0, 0, 0, 0, 0, 0, 0, 0, 0, 0, 0, 0],
    &[0, 0, 0, 0, 0, 0, 0, 0, 0, 0, 0, 0, 0, 0, 0, 0, 0, 0, 0, 0, 0, 0, 0, 0, 0, 0, 0, 0, 0, 0, 0, 0, 0],
    &[0, 0, 0, 0, 0, 0, 0, 0, 0, 0, 0, 0, 0, 0, 0, 0, 0, 0, 0, 0, 0, 0, 0, 0, 0, 0, 0, 0, 0, 0, 0, 0, 0],
    &[0, 0, 0, 0, 0, 0, 0, 0, 0, 0, 0, 0, 0, 0, 0, 0, 0, 0, 0, 0, 0, 0, 0, 0, 0, 0, 0, 0, 0, 0, 0, 0, 0],
    &[0, 0, 0, 0, 0, 0, 0, 0, 0, 0, 0, 0, 0, 0, 0, 0, 0, 0, 0, 0, 0, 0, 0, 0, 0, 0, 0, 0, 0, 0, 0, 0, 0],
    &[0, 0, 0, 0, 0, 0, 0, 0, 0, 0, 0, 0, 0, 0, 0, 0, 0, 0, 0, 0, 0, 0, 0, 0, 0, 0, 0, 0, 0, 0, 0, 0, 0],
    &[0, 0, 0, 0, 0, 0, 0, 0, 0, 0, 0, 0, 0, 0, 0, 0, 0, 0, 0, 0, 0, 0, 0, 0, 0, 0, 0, 0, 0, 0, 0, 0, 0],
    &[0, 0, 0, 0, 0, 0, 0, 0, 0, 0, 0, 0, 0, 0, 0, 0, 0, 0, 0, 0, 0, 0, 0, 0, 0, 0, 0, 0, 0, 0, 0, 0, 0],
    &[0, 0, 0, 0, 0, 0, 0, 0, 0, 0, 0, 0, 0, 0, 0, 0, 0, 0, 0, 0, 0, 0, 0, 0, 0, 0, 0, 0, 0, 0, 0, 0, 0],
    &[0, 0, 0, 0, 0, 0, 0, 0, 0, 0, 0, 0, 0, 0, 0, 0, 0, 0, 0, 0, 0, 0, 0, 0, 0, 0, 0, 0, 0, 0, 0, 0, 0],
    &[0, 0, 0, 0, 0, 0, 0, 0, 0, 0, 0, 0, 0, 0, 0, 0, 0, 0, 0, 0, 0, 0, 0, 0, 0, 0, 0, 0, 0, 0, 0, 0, 0],
    &[0, 0, 0, 0, 0, 0, 0, 0, 0, 0, 0, 0, 0, 0, 0, 0, 0, 0, 0, 0, 0, 0, 0, 0, 0, 0, 0, 0, 0, 0, 0, 0, 0],
    &[0, 0, 0, 0, 0, 0, 0, 0, 0, 0, 0, 0, 0, 0, 0, 0, 0, 0, 0, 0, 0, 0, 0, 0, 0, 0, 0, 0, 0, 0, 0, 0, 0],
    &[0, 0, 0, 0, 0, 0, 0, 0, 0, 0, 0, 0, 0, 0, 0, 0, 0, 0, 0, 0, 0, 0, 0, 0, 0, 0, 0, 0, 0, 0, 0, 0, 0],
    &[0, 47, 123, 123, 123, 123, 119, 0, 0, 0, 23, 153, 205, 248, 230, 188, 66, 0, 0, 0, 0, 0, 86, 195, 234, 248, 213, 141, 13, 0, 0, 0, 0],
    &[0, 97, 255, 255, 255, 255, 255, 36, 0, 55, 229, 255, 255, 255, 255, 255, 255, 115, 0, 0, 1, 168, 255, 255, 255, 255, 255, 255, 220, 13, 0, 0, 0],
    &[0, 97, 255, 255, 255, 255, 255, 96, 5, 221, 255, 255, 255, 255, 255, 255, 255, 249, 42, 0, 127, 255, 255, 255, 255, 255, 255, 255, 255, 146, 0, 0, 0],
    &[0, 97, 255, 255, 255, 255, 255, 157, 108, 255, 255, 255, 255, 255, 255, 255, 255, 255, 140, 30, 249, 255, 255, 255, 255, 255, 255, 255, 255, 240, 4, 0, 0],
    &[0, 97, 255, 255, 255, 255, 255, 244, 243, 255, 255, 255, 255, 255, 255, 255, 255, 255, 218, 162, 255, 255, 255, 255, 255, 255, 255, 255, 255, 255, 63, 0, 0],
    &[0, 97, 255, 255, 255, 255, 255, 255, 255, 255, 255, 255, 255, 255, 255, 255, 255, 255, 255, 255, 255, 255, 255, 255, 255, 255, 255, 255, 255, 255, 109, 0, 0],
    &[0, 97, 255, 255, 255, 255, 255, 255, 255, 219, 142, 163, 249, 255, 255, 255, 255, 255, 255, 255, 239, 161, 145, 232, 255, 255, 255, 255, 255, 255, 139, 0, 0],
    &[0, 97, 255, 255, 255, 255, 255, 255, 240, 18, 0, 0, 134, 255, 255, 255, 255, 255, 255, 255, 77, 0, 0, 73, 255, 255, 255, 255, 255, 255, 168, 0, 0],
    &[0, 97, 255, 255, 255, 255, 255, 255, 150, 0, 0, 0, 72, 255, 255, 255, 255, 255, 255, 224, 0, 0, 0, 12, 255, 255, 255, 255, 255, 255, 179, 0, 0],
    &[0, 97, 255, 255, 255, 255, 255, 255, 124, 0, 0, 0, 52, 255, 255, 255, 255, 255, 255, 198, 0, 0, 0, 0, 249, 255, 255, 255, 255, 255, 188, 0, 0],
    &[0, 97, 255, 255, 255, 255, 255, 255, 103, 0, 0, 0, 51, 255, 255, 255, 255, 255, 255, 177, 0, 0, 0, 0, 248, 255, 255, 255, 255, 255, 196, 0, 0],
    &[0, 97, 255, 255, 255, 255, 255, 255, 94, 0, 0, 0, 51, 255, 255, 255, 255, 255, 255, 167, 0, 0, 0, 0, 248, 255, 255, 255, 255, 255, 199, 0, 0],
    &[0, 97, 255, 255, 255, 255, 255, 255, 94, 0, 0, 0, 51, 255, 255, 255, 255, 255, 255, 167, 0, 0, 0, 0, 248, 255, 255, 255, 255, 255, 199, 0, 0],
    &[0, 97, 255, 255, 255, 255, 255, 255, 94, 0, 0, 0, 51, 255, 255, 255, 255, 255, 255, 167, 0, 0, 0, 0, 248, 255, 255, 255, 255, 255, 199, 0, 0],
    &[0, 97, 255, 255, 255, 255, 255, 255, 94, 0, 0, 0, 51, 255, 255, 255, 255, 255, 255, 167, 0, 0, 0, 0, 248, 255, 255, 255, 255, 255, 199, 0, 0],
    &[0, 97, 255, 255, 255, 255, 255, 255, 94, 0, 0, 0, 51, 255, 255, 255, 255, 255, 255, 167, 0, 0, 0, 0, 248, 255, 255, 255, 255, 255, 199, 0, 0],
    &[0, 97, 255, 255, 255, 255, 255, 255, 94, 0, 0, 0, 51, 255, 255, 255, 255, 255, 255, 167, 0, 0, 0, 0, 248, 255, 255, 255, 255, 255, 199, 0, 0],
    &[0, 97, 255, 255, 255, 255, 255, 255, 94, 0, 0, 0, 51, 255, 255, 255, 255, 255, 255, 167, 0, 0, 0, 0, 248, 255, 255, 255, 255, 255, 199, 0, 0],
    &[0, 97, 255, 255, 255, 255, 255, 255, 94, 0, 0, 0, 51, 255, 255, 255, 255, 255, 255, 167, 0, 0, 0, 0, 248, 255, 255, 255, 255, 255, 199, 0, 0],
    &[0, 97, 255, 255, 255, 255, 255, 255, 94, 0, 0, 0, 51, 255, 255, 255, 255, 255, 255, 167, 0, 0, 0, 0, 248, 255, 255, 255, 255, 255, 199, 0, 0],
    &[0, 97, 255, 255, 255, 255, 255, 255, 94, 0, 0, 0, 51, 255, 255, 255, 255, 255, 255, 167, 0, 0, 0, 0, 248, 255, 255, 255, 255, 255, 199, 0, 0],
    &[0, 97, 255, 255, 255, 255, 255, 255, 94, 0, 0, 0, 51, 255, 255, 255, 255, 255, 255, 167, 0, 0, 0, 0, 248, 255, 255, 255, 255, 255, 199, 0, 0],
    &[0, 97, 255, 255, 255, 255, 255, 255, 94, 0, 0, 0, 51, 255, 255, 255, 255, 255, 255, 167, 0, 0, 0, 0, 248, 255, 255, 255, 255, 255, 199, 0, 0],
    &[0, 97, 255, 255, 255, 255, 255, 255, 94, 0, 0, 0, 51, 255, 255, 255, 255, 255, 255, 167, 0, 0, 0, 0, 248, 255, 255, 255, 255, 255, 199, 0, 0],
    &[0, 97, 255, 255, 255, 255, 255, 255, 94, 0, 0, 0, 51, 255, 255, 255, 255, 255, 255, 167, 0, 0, 0, 0, 248, 255, 255, 255, 255, 255, 199, 0, 0],
    &[0, 97, 255, 255, 255, 255, 255, 255, 94, 0, 0, 0, 51, 255, 255, 255, 255, 255, 255, 167, 0, 0, 0, 0, 248, 255, 255, 255, 255, 255, 199, 0, 0],
    &[0, 97, 255, 255, 255, 255, 255, 255, 94, 0, 0, 0, 51, 255, 255, 255, 255, 255, 255, 167, 0, 0, 0, 0, 248, 255, 255, 255, 255, 255, 199, 0, 0],
    &[0, 97, 255, 255, 255, 255, 255, 255, 94, 0, 0, 0, 51, 255, 255, 255, 255, 255, 255, 167, 0, 0, 0, 0, 248, 255, 255, 255, 255, 255, 199, 0, 0],
    &[0, 97, 255, 255, 255, 255, 255, 255, 94, 0, 0, 0, 51, 255, 255, 255, 255, 255, 255, 167, 0, 0, 0, 0, 248, 255, 255, 255, 255, 255, 199, 0, 0],
    &[0, 97, 255, 255, 255, 255, 255, 255, 94, 0, 0, 0, 51, 255, 255, 255, 255, 255, 255, 167, 0, 0, 0, 0, 248, 255, 255, 255, 255, 255, 199, 0, 0],
    &[0, 0, 0, 0, 0, 0, 0, 0, 0, 0, 0, 0, 0, 0, 0, 0, 0, 0, 0, 0, 0, 0, 0, 0, 0, 0, 0, 0, 0, 0, 0, 0, 0],
    &[0, 0, 0, 0, 0, 0, 0, 0, 0, 0, 0, 0, 0, 0, 0, 0, 0, 0, 0, 0, 0, 0, 0, 0, 0, 0, 0, 0, 0, 0, 0, 0, 0],
    &[0, 0, 0, 0, 0, 0, 0, 0, 0, 0, 0, 0, 0, 0, 0, 0, 0, 0, 0, 0, 0, 0, 0, 0, 0, 0, 0, 0, 0, 0, 0, 0, 0],
    &[0, 0, 0, 0, 0, 0, 0, 0, 0, 0, 0, 0, 0, 0, 0, 0, 0, 0, 0, 0, 0, 0, 0, 0, 0, 0, 0, 0, 0, 0, 0, 0, 0],
    &[0, 0, 0, 0, 0, 0, 0, 0, 0, 0, 0, 0, 0, 0, 0, 0, 0, 0, 0, 0, 0, 0, 0, 0, 0, 0, 0, 0, 0, 0, 0, 0, 0],
    &[0, 0, 0, 0, 0, 0, 0, 0, 0, 0, 0, 0, 0, 0, 0, 0, 0, 0, 0, 0, 0, 0, 0, 0, 0, 0, 0, 0, 0, 0, 0, 0, 0],
    &[0, 0, 0, 0, 0, 0, 0, 0, 0, 0, 0, 0, 0, 0, 0, 0, 0, 0, 0, 0, 0, 0, 0, 0, 0, 0, 0, 0, 0, 0, 0, 0, 0],
    &[0, 0, 0, 0, 0, 0, 0, 0, 0, 0, 0, 0, 0, 0, 0, 0, 0, 0, 0, 0, 0, 0, 0, 0, 0, 0, 0, 0, 0, 0, 0, 0, 0],
    &[0, 0, 0, 0, 0, 0, 0, 0, 0, 0, 0, 0, 0, 0, 0, 0, 0, 0, 0, 0, 0, 0, 0, 0, 0, 0, 0, 0, 0, 0, 0, 0, 0],
    &[0, 0, 0, 0, 0, 0, 0, 0, 0, 0, 0, 0, 0, 0, 0, 0, 0, 0, 0, 0, 0, 0, 0, 0, 0, 0, 0, 0, 0, 0, 0, 0, 0],
    &[0, 0, 0, 0, 0, 0, 0, 0, 0, 0, 0, 0, 0, 0, 0, 0, 0, 0, 0, 0, 0, 0, 0, 0, 0, 0, 0, 0, 0, 0, 0, 0, 0],
    &[0, 0, 0, 0, 0, 0, 0, 0, 0, 0, 0, 0, 0, 0, 0, 0, 0, 0, 0, 0, 0, 0, 0, 0, 0, 0, 0, 0, 0, 0, 0, 0, 0],
    &[0, 0, 0, 0, 0, 0, 0, 0, 0, 0, 0, 0, 0, 0, 0, 0, 0, 0, 0, 0, 0, 0, 0, 0, 0, 0, 0, 0, 0, 0, 0, 0, 0],
    &[0, 0, 0, 0, 0, 0, 0, 0, 0, 0, 0, 0, 0, 0, 0, 0, 0, 0, 0, 0, 0, 0, 0, 0, 0, 0, 0, 0, 0, 0, 0, 0, 0],
]