&[
    &[0, 0, 0, 0, 0, 0, 0, 0, 0],
    &[0, 0, 0, 0, 0, 0, 0, 0, 0],
    &[0, 0, 0, 0, 0, 0, 0, 0, 0],
    &[0, 0, 0, 0, 0, 0, 0, 0, 0],
    &[0, 0, 0, 0, 0, 0, 0, 0, 0],
    &[0, 0, 0, 0, 0, 0, 0, 0, 0],
    &[18, 50, 104, 121, 4, 111, 115, 3, 0],
    &[40, 212, 75, 149, 178, 91, 142, 97, 0],
    &[40, 190, 0, 51, 196, 0, 48, 142, 0],
    &[40, 157, 0, 35, 162, 0, 35, 154, 0],
    &[40, 148, 0, 34, 155, 0, 35, 154, 0],
    &[40, 148, 0, 34, 155, 0, 35, 154, 0],
    &[40, 148, 0, 34, 155, 0, 35, 154, 0],
    &[40, 148, 0, 34, 155, 0, 35, 154, 0],
    &[0, 0, 0, 0, 0, 0, 0, 0, 0],
    &[0, 0, 0, 0, 0, 0, 0, 0, 0],
    &[0, 0, 0, 0, 0, 0, 0, 0, 0],
    &[0, 0, 0, 0, 0, 0, 0, 0, 0],
    &[0, 0, 0, 0, 0, 0, 0, 0, 0],
    &[0, 0, 0, 0, 0, 0, 0, 0, 0],
]