&[
    &[0, 0, 0, 0, 0, 0, 0, 0, 0, 0, 0, 0, 0, 0, 0, 0, 0, 0, 0, 0, 0, 0, 0, 0, 0, 0, 0, 0, 0, 0, 0, 0, 0],
    &[0, 0, 0, 0, 0, 0, 0, 0, 0, 0, 0, 0, 0, 0, 0, 0, 0, 0, 0, 0, 0, 0, 0, 0, 0, 0, 0, 0, 0, 0, 0, 0, 0],
    &[0, 0, 0, 0, 0, 0, 0, 0, 0, 0, 0, 0, 0, 0, 0, 0, 0, 0, 0, 0, 0, 0, 0, 0, 0, 0, 0, 0, 0, 0, 0, 0, 0],
    &[0, 0, 0, 0, 0, 0, 0, 0, 0, 0, 0, 0, 0, 0, 0, 0, 0, 0, 0, 0, 0, 0, 0, 0, 0, 0, 0, 0, 0, 0, 0, 0, 0],
    &[0, 0, 0, 0, 0, 0, 0, 0, 0, 0, 0, 0, 0, 0, 0, 0, 0, 0, 0, 0, 0, 0, 0, 0, 0, 0, 0, 0, 0, 0, 0, 0, 0],
    &[0, 0, 0, 0, 0, 0, 0, 0, 0, 0, 0, 0, 0, 0, 0, 0, 0, 0, 0, 0, 0, 0, 0, 0, 0, 0, 0, 0, 0, 0, 0, 0, 0],
    &[0, 0, 0, 0, 0, 0, 0, 0, 0, 0, 0, 0, 0, 0, 0, 0, 0, 0, 0, 0, 0, 0, 0, 0, 0, 0, 0, 0, 0, 0, 0, 0, 0],
    &[0, 0, 0, 0, 0, 0, 0, 0, 0, 0, 0, 0, 0, 0, 0, 0, 0, 0, 0, 0, 0, 0, 0, 0, 0, 0, 0, 0, 0, 0, 0, 0, 0],
    &[0, 0, 0, 0, 0, 0, 0, 0, 0, 0, 0, 0, 0, 0, 0, 0, 0, 0, 0, 0, 0, 0, 0, 0, 0, 0, 0, 0, 0, 0, 0, 0, 0],
    &[0, 0, 0, 0, 0, 0, 0, 0, 0, 0, 0, 0, 0, 0, 0, 0, 0, 0, 0, 0, 0, 0, 0, 0, 0, 0, 0, 0, 0, 0, 0, 0, 0],
    &[0, 0, 0, 0, 0, 0, 0, 0, 0, 0, 0, 0, 0, 0, 0, 0, 0, 0, 0, 0, 0, 0, 0, 0, 0, 0, 0, 0, 0, 0, 0, 0, 0],
    &[0, 0, 0, 0, 0, 0, 0, 0, 0, 0, 0, 0, 0, 0, 0, 0, 0, 0, 0, 0, 0, 0, 0, 0, 0, 0, 0, 0, 0, 0, 0, 0, 0],
    &[0, 0, 0, 0, 0, 0, 0, 0, 0, 0, 0, 0, 0, 0, 0, 0, 0, 0, 0, 0, 0, 0, 0, 0, 0, 0, 0, 0, 0, 0, 0, 0, 0],
    &[0, 0, 0, 0, 0, 0, 0, 0, 0, 0, 0, 0, 0, 0, 0, 0, 0, 0, 0, 0, 0, 0, 0, 0, 0, 0, 0, 0, 0, 0, 0, 0, 0],
    &[0, 0, 0, 0, 0, 0, 0, 0, 0, 0, 0, 0, 0, 0, 0, 0, 0, 0, 0, 0, 0, 0, 0, 0, 0, 0, 0, 0, 0, 0, 0, 0, 0],
    &[0, 0, 0, 0, 0, 0, 0, 0, 0, 0, 0, 0, 0, 0, 0, 0, 0, 0, 0, 0, 0, 0, 0, 0, 0, 0, 0, 0, 0, 0, 0, 0, 0],
    &[0, 0, 0, 0, 0, 0, 0, 0, 0, 0, 0, 0, 0, 0, 0, 0, 0, 0, 0, 0, 0, 0, 0, 0, 0, 0, 0, 0, 0, 0, 0, 0, 0],
    &[0, 0, 0, 0, 0, 0, 0, 0, 0, 0, 0, 0, 0, 0, 0, 0, 0, 0, 0, 0, 0, 0, 0, 0, 0, 0, 0, 0, 0, 0, 0, 0, 0],
    &[0, 0, 0, 0, 0, 0, 0, 0, 0, 0, 0, 0, 0, 0, 0, 0, 0, 0, 0, 0, 0, 0, 0, 0, 0, 0, 0, 0, 0, 0, 0, 0, 0],
    &[0, 0, 0, 0, 0, 0, 0, 0, 0, 0, 0, 0, 0, 0, 0, 0, 0, 0, 0, 0, 0, 0, 0, 0, 0, 0, 0, 0, 0, 0, 0, 0, 0],
    &[0, 0, 0, 0, 0, 0, 0, 0, 0, 0, 44, 89, 114, 84, 32, 0, 0, 0, 0, 0, 0, 28, 81, 113, 96, 57, 0, 0, 0, 0, 0, 0, 0],
    &[0, 0, 72, 241, 241, 241, 36, 0, 21, 166, 255, 255, 255, 255, 251, 147, 3, 0, 0, 9, 152, 250, 255, 255, 255, 255, 200, 45, 0, 0, 0, 0, 0],
    &[0, 0, 76, 255, 255, 255, 93, 4, 205, 255, 255, 255, 255, 255, 255, 255, 143, 0, 7, 186, 255, 255, 255, 255, 255, 255, 255, 226, 21, 0, 0, 0, 0],
    &[0, 0, 76, 255, 255, 255, 150, 124, 255, 255, 255, 255, 255, 255, 255, 255, 254, 38, 126, 255, 255, 255, 255, 255, 255, 255, 255, 255, 149, 0, 0, 0, 0],
    &[0, 0, 76, 255, 255, 255, 238, 249, 255, 254, 211, 215, 254, 255, 255, 255, 255, 178, 245, 255, 255, 245, 200, 234, 255, 255, 255, 255, 238, 7, 0, 0, 0],
    &[0, 0, 76, 255, 255, 255, 255, 255, 239, 53, 0, 0, 75, 252, 255, 255, 255, 255, 255, 255, 189, 14, 0, 6, 175, 255, 255, 255, 255, 63, 0, 0, 0],
    &[0, 0, 76, 255, 255, 255, 255, 255, 97, 0, 0, 0, 0, 159, 255, 255, 255, 255, 255, 239, 17, 0, 0, 0, 33, 255, 255, 255, 255, 104, 0, 0, 0],
    &[0, 0, 76, 255, 255, 255, 255, 232, 6, 0, 0, 0, 0, 78, 255, 255, 255, 255, 255, 129, 0, 0, 0, 0, 0, 222, 255, 255, 255, 144, 0, 0, 0],
    &[0, 0, 76, 255, 255, 255, 255, 168, 0, 0, 0, 0, 0, 36, 255, 255, 255, 255, 255, 49, 0, 0, 0, 0, 0, 187, 255, 255, 255, 164, 0, 0, 0],
    &[0, 0, 76, 255, 255, 255, 255, 111, 0, 0, 0, 0, 0, 18, 255, 255, 255, 255, 235, 1, 0, 0, 0, 0, 0, 175, 255, 255, 255, 175, 0, 0, 0],
    &[0, 0, 76, 255, 255, 255, 255, 76, 0, 0, 0, 0, 0, 2, 254, 255, 255, 255, 196, 0, 0, 0, 0, 0, 0, 162, 255, 255, 255, 186, 0, 0, 0],
    &[0, 0, 76, 255, 255, 255, 255, 50, 0, 0, 0, 0, 0, 0, 239, 255, 255, 255, 162, 0, 0, 0, 0, 0, 0, 150, 255, 255, 255, 192, 0, 0, 0],
    &[0, 0, 76, 255, 255, 255, 255, 28, 0, 0, 0, 0, 0, 0, 231, 255, 255, 255, 135, 0, 0, 0, 0, 0, 0, 144, 255, 255, 255, 192, 0, 0, 0],
    &[0, 0, 76, 255, 255, 255, 255, 19, 0, 0, 0, 0, 0, 0, 231, 255, 255, 255, 125, 0, 0, 0, 0, 0, 0, 144, 255, 255, 255, 192, 0, 0, 0],
    &[0, 0, 76, 255, 255, 255, 255, 12, 0, 0, 0, 0, 0, 0, 231, 255, 255, 255, 115, 0, 0, 0, 0, 0, 0, 144, 255, 255, 255, 192, 0, 0, 0],
    &[0, 0, 76, 255, 255, 255, 255, 6, 0, 0, 0, 0, 0, 0, 231, 255, 255, 255, 107, 0, 0, 0, 0, 0, 0, 144, 255, 255, 255, 192, 0, 0, 0],
    &[0, 0, 76, 255, 255, 255, 255, 5, 0, 0, 0, 0, 0, 0, 231, 255, 255, 255, 105, 0, 0, 0, 0, 0, 0, 144, 255, 255, 255, 192, 0, 0, 0],
    &[0, 0, 76, 255, 255, 255, 255, 5, 0, 0, 0, 0, 0, 0, 231, 255, 255, 255, 105, 0, 0, 0, 0, 0, 0, 144, 255, 255, 255, 192, 0, 0, 0],
    &[0, 0, 76, 255, 255, 255, 255, 5, 0, 0, 0, 0, 0, 0, 231, 255, 255, 255, 105, 0, 0, 0, 0, 0, 0, 144, 255, 255, 255, 192, 0, 0, 0],
    &[0, 0, 76, 255, 255, 255, 255, 5, 0, 0, 0, 0, 0, 0, 231, 255, 255, 255, 105, 0, 0, 0, 0, 0, 0, 144, 255, 255, 255, 192, 0, 0, 0],
    &[0, 0, 76, 255, 255, 255, 255, 5, 0, 0, 0, 0, 0, 0, 231, 255, 255, 255, 105, 0, 0, 0, 0, 0, 0, 144, 255, 255, 255, 192, 0, 0, 0],
    &[0, 0, 76, 255, 255, 255, 255, 5, 0, 0, 0, 0, 0, 0, 231, 255, 255, 255, 105, 0, 0, 0, 0, 0, 0, 144, 255, 255, 255, 192, 0, 0, 0],
    &[0, 0, 76, 255, 255, 255, 255, 5, 0, 0, 0, 0, 0, 0, 231, 255, 255, 255, 105, 0, 0, 0, 0, 0, 0, 144, 255, 255, 255, 192, 0, 0, 0],
    &[0, 0, 76, 255, 255, 255, 255, 5, 0, 0, 0, 0, 0, 0, 231, 255, 255, 255, 105, 0, 0, 0, 0, 0, 0, 144, 255, 255, 255, 192, 0, 0, 0],
    &[0, 0, 76, 255, 255, 255, 255, 5, 0, 0, 0, 0, 0, 0, 231, 255, 255, 255, 105, 0, 0, 0, 0, 0, 0, 144, 255, 255, 255, 192, 0, 0, 0],
    &[0, 0, 76, 255, 255, 255, 255, 5, 0, 0, 0, 0, 0, 0, 231, 255, 255, 255, 105, 0, 0, 0, 0, 0, 0, 144, 255, 255, 255, 192, 0, 0, 0],
    &[0, 0, 76, 255, 255, 255, 255, 5, 0, 0, 0, 0, 0, 0, 231, 255, 255, 255, 105, 0, 0, 0, 0, 0, 0, 144, 255, 255, 255, 192, 0, 0, 0],
    &[0, 0, 76, 255, 255, 255, 255, 5, 0, 0, 0, 0, 0, 0, 231, 255, 255, 255, 105, 0, 0, 0, 0, 0, 0, 144, 255, 255, 255, 192, 0, 0, 0],
    &[0, 0, 76, 255, 255, 255, 255, 5, 0, 0, 0, 0, 0, 0, 231, 255, 255, 255, 105, 0, 0, 0, 0, 0, 0, 144, 255, 255, 255, 192, 0, 0, 0],
    &[0, 0, 76, 255, 255, 255, 255, 5, 0, 0, 0, 0, 0, 0, 231, 255, 255, 255, 105, 0, 0, 0, 0, 0, 0, 144, 255, 255, 255, 192, 0, 0, 0],
    &[0, 0, 0, 0, 0, 0, 0, 0, 0, 0, 0, 0, 0, 0, 0, 0, 0, 0, 0, 0, 0, 0, 0, 0, 0, 0, 0, 0, 0, 0, 0, 0, 0],
    &[0, 0, 0, 0, 0, 0, 0, 0, 0, 0, 0, 0, 0, 0, 0, 0, 0, 0, 0, 0, 0, 0, 0, 0, 0, 0, 0, 0, 0, 0, 0, 0, 0],
    &[0, 0, 0, 0, 0, 0, 0, 0, 0, 0, 0, 0, 0, 0, 0, 0, 0, 0, 0, 0, 0, 0, 0, 0, 0, 0, 0, 0, 0, 0, 0, 0, 0],
    &[0, 0, 0, 0, 0, 0, 0, 0, 0, 0, 0, 0, 0, 0, 0, 0, 0, 0, 0, 0, 0, 0, 0, 0, 0, 0, 0, 0, 0, 0, 0, 0, 0],
    &[0, 0, 0, 0, 0, 0, 0, 0, 0, 0, 0, 0, 0, 0, 0, 0, 0, 0, 0, 0, 0, 0, 0, 0, 0, 0, 0, 0, 0, 0, 0, 0, 0],
    &[0, 0, 0, 0, 0, 0, 0, 0, 0, 0, 0, 0, 0, 0, 0, 0, 0, 0, 0, 0, 0, 0, 0, 0, 0, 0, 0, 0, 0, 0, 0, 0, 0],
    &[0, 0, 0, 0, 0, 0, 0, 0, 0, 0, 0, 0, 0, 0, 0, 0, 0, 0, 0, 0, 0, 0, 0, 0, 0, 0, 0, 0, 0, 0, 0, 0, 0],
    &[0, 0, 0, 0, 0, 0, 0, 0, 0, 0, 0, 0, 0, 0, 0, 0, 0, 0, 0, 0, 0, 0, 0, 0, 0, 0, 0, 0, 0, 0, 0, 0, 0],
    &[0, 0, 0, 0, 0, 0, 0, 0, 0, 0, 0, 0, 0, 0, 0, 0, 0, 0, 0, 0, 0, 0, 0, 0, 0, 0, 0, 0, 0, 0, 0, 0, 0],
    &[0, 0, 0, 0, 0, 0, 0, 0, 0, 0, 0, 0, 0, 0, 0, 0, 0, 0, 0, 0, 0, 0, 0, 0, 0, 0, 0, 0, 0, 0, 0, 0, 0],
    &[0, 0, 0, 0, 0, 0, 0, 0, 0, 0, 0, 0, 0, 0, 0, 0, 0, 0, 0, 0, 0, 0, 0, 0, 0, 0, 0, 0, 0, 0, 0, 0, 0],
    &[0, 0, 0, 0, 0, 0, 0, 0, 0, 0, 0, 0, 0, 0, 0, 0, 0, 0, 0, 0, 0, 0, 0, 0, 0, 0, 0, 0, 0, 0, 0, 0, 0],
    &[0, 0, 0, 0, 0, 0, 0, 0, 0, 0, 0, 0, 0, 0, 0, 0, 0, 0, 0, 0, 0, 0, 0, 0, 0, 0, 0, 0, 0, 0, 0, 0, 0],
    &[0, 0, 0, 0, 0, 0, 0, 0, 0, 0, 0, 0, 0, 0, 0, 0, 0, 0, 0, 0, 0, 0, 0, 0, 0, 0, 0, 0, 0, 0, 0, 0, 0],
]