&[
    &[0, 0, 0, 0, 0, 0, 0, 0, 0, 0, 0, 0, 0, 0, 0, 0, 0, 0, 0, 0, 0, 0, 0, 0, 0, 0, 0, 0, 0, 0, 0, 0, 0],
    &[0, 0, 0, 0, 0, 0, 0, 0, 0, 0, 0, 0, 0, 0, 0, 0, 0, 0, 0, 0, 0, 0, 0, 0, 0, 0, 0, 0, 0, 0, 0, 0, 0],
    &[0, 0, 0, 0, 0, 0, 0, 0, 0, 0, 0, 0, 0, 0, 0, 0, 0, 0, 0, 0, 0, 0, 0, 0, 0, 0, 0, 0, 0, 0, 0, 0, 0],
    &[0, 0, 0, 0, 0, 0, 0, 0, 0, 0, 0, 0, 0, 0, 0, 0, 0, 0, 0, 0, 0, 0, 0, 0, 0, 0, 0, 0, 0, 0, 0, 0, 0],
    &[0, 0, 0, 0, 0, 0, 0, 0, 0, 0, 0, 0, 0, 0, 0, 0, 0, 0, 0, 0, 0, 0, 0, 0, 0, 0, 0, 0, 0, 0, 0, 0, 0],
    &[0, 0, 0, 0, 0, 0, 0, 0, 0, 0, 0, 0, 0, 0, 0, 0, 0, 0, 0, 0, 0, 0, 0, 0, 0, 0, 0, 0, 0, 0, 0, 0, 0],
    &[0, 0, 0, 0, 0, 0, 0, 0, 0, 0, 0, 0, 0, 0, 0, 0, 0, 0, 0, 0, 0, 0, 0, 0, 0, 0, 0, 0, 0, 0, 0, 0, 0],
    &[0, 0, 0, 0, 0, 0, 0, 0, 0, 0, 0, 0, 0, 0, 0, 0, 0, 0, 0, 0, 0, 0, 0, 0, 0, 0, 0, 0, 0, 0, 0, 0, 0],
    &[0, 0, 0, 0, 0, 0, 0, 0, 0, 0, 0, 0, 0, 0, 0, 0, 0, 0, 0, 0, 0, 0, 0, 0, 0, 0, 0, 0, 0, 0, 0, 0, 0],
    &[0, 0, 0, 0, 0, 0, 0, 0, 0, 0, 0, 0, 0, 0, 0, 0, 0, 0, 0, 0, 0, 0, 0, 0, 0, 0, 0, 0, 0, 0, 0, 0, 0],
    &[0, 0, 0, 0, 0, 0, 0, 0, 0, 0, 0, 0, 0, 0, 0, 0, 0, 0, 0, 0, 0, 0, 0, 0, 0, 0, 0, 0, 0, 0, 0, 0, 0],
    &[0, 0, 0, 0, 0, 0, 0, 0, 0, 0, 0, 0, 0, 0, 0, 0, 0, 0, 0, 0, 0, 0, 0, 0, 0, 0, 0, 0, 0, 0, 0, 0, 0],
    &[0, 0, 0, 0, 0, 0, 0, 0, 0, 0, 0, 0, 0, 0, 0, 0, 0, 0, 0, 0, 0, 0, 0, 0, 0, 0, 0, 0, 0, 0, 0, 0, 0],
    &[0, 0, 0, 0, 0, 0, 0, 0, 0, 0, 0, 0, 0, 0, 0, 0, 0, 0, 0, 0, 0, 0, 0, 0, 0, 0, 0, 0, 0, 0, 0, 0, 0],
    &[0, 0, 0, 0, 0, 0, 0, 0, 0, 0, 0, 0, 0, 0, 0, 0, 0, 0, 0, 0, 0, 0, 0, 0, 0, 0, 0, 0, 0, 0, 0, 0, 0],
    &[0, 0, 0, 0, 0, 0, 0, 0, 0, 0, 0, 0, 0, 0, 0, 0, 0, 0, 0, 0, 0, 0, 0, 0, 0, 0, 0, 0, 0, 0, 0, 0, 0],
    &[0, 0, 0, 0, 0, 0, 0, 0, 0, 0, 0, 0, 0, 0, 0, 0, 0, 0, 0, 0, 0, 0, 0, 0, 0, 0, 0, 0, 0, 0, 0, 0, 0],
    &[0, 0, 0, 0, 0, 0, 0, 0, 0, 0, 0, 0, 0, 0, 0, 0, 0, 0, 0, 0, 0, 0, 0, 0, 0, 0, 0, 0, 0, 0, 0, 0, 0],
    &[0, 0, 0, 0, 0, 0, 0, 0, 0, 0, 0, 0, 0, 0, 0, 0, 0, 0, 0, 0, 0, 0, 0, 0, 0, 0, 0, 0, 0, 0, 0, 0, 0],
    &[0, 0, 0, 0, 0, 0, 0, 0, 0, 0, 0, 0, 0, 0, 0, 0, 0, 0, 0, 2, 0, 0, 0, 0, 0, 0, 0, 0, 0, 0, 0, 0, 0],
    &[0, 0, 3, 123, 123, 123, 123, 123, 120, 2, 0, 0, 0, 0, 16, 103, 171, 221, 245, 255, 243, 224, 177, 111, 21, 0, 0, 0, 0, 0, 0, 0, 0],
    &[0, 0, 7, 255, 255, 255, 255, 255, 255, 63, 0, 0, 7, 125, 245, 255, 255, 255, 255, 255, 255, 255, 255, 255, 244, 133, 4, 0, 0, 0, 0, 0, 0],
    &[0, 0, 7, 255, 255, 255, 255, 255, 255, 151, 0, 17, 194, 255, 255, 255, 255, 255, 255, 255, 255, 255, 255, 255, 255, 255, 188, 13, 0, 0, 0, 0, 0],
    &[0, 0, 7, 255, 255, 255, 255, 255, 255, 234, 7, 190, 255, 255, 255, 255, 255, 255, 255, 255, 255, 255, 255, 255, 255, 255, 255, 167, 0, 0, 0, 0, 0],
    &[0, 0, 7, 255, 255, 255, 255, 255, 255, 255, 210, 255, 255, 255, 255, 255, 255, 255, 255, 255, 255, 255, 255, 255, 255, 255, 255, 255, 80, 0, 0, 0, 0],
    &[0, 0, 7, 255, 255, 255, 255, 255, 255, 255, 255, 255, 255, 255, 255, 255, 255, 255, 255, 255, 255, 255, 255, 255, 255, 255, 255, 255, 196, 0, 0, 0, 0],
    &[0, 0, 7, 255, 255, 255, 255, 255, 255, 255, 255, 255, 255, 255, 236, 159, 127, 146, 192, 251, 255, 255, 255, 255, 255, 255, 255, 255, 255, 32, 0, 0, 0],
    &[0, 0, 7, 255, 255, 255, 255, 255, 255, 255, 255, 255, 255, 146, 7, 0, 0, 0, 0, 57, 224, 255, 255, 255, 255, 255, 255, 255, 255, 90, 0, 0, 0],
    &[0, 0, 7, 255, 255, 255, 255, 255, 255, 255, 255, 255, 161, 0, 0, 0, 0, 0, 0, 0, 46, 254, 255, 255, 255, 255, 255, 255, 255, 138, 0, 0, 0],
    &[0, 0, 7, 255, 255, 255, 255, 255, 255, 255, 255, 245, 18, 0, 0, 0, 0, 0, 0, 0, 0, 174, 255, 255, 255, 255, 255, 255, 255, 157, 0, 0, 0],
    &[0, 0, 7, 255, 255, 255, 255, 255, 255, 255, 255, 156, 0, 0, 0, 0, 0, 0, 0, 0, 0, 100, 255, 255, 255, 255, 255, 255, 255, 174, 0, 0, 0],
    &[0, 0, 7, 255, 255, 255, 255, 255, 255, 255, 255, 82, 0, 0, 0, 0, 0, 0, 0, 0, 0, 70, 255, 255, 255, 255, 255, 255, 255, 179, 0, 0, 0],
    &[0, 0, 7, 255, 255, 255, 255, 255, 255, 255, 255, 26, 0, 0, 0, 0, 0, 0, 0, 0, 0, 42, 255, 255, 255, 255, 255, 255, 255, 179, 0, 0, 0],
    &[0, 0, 7, 255, 255, 255, 255, 255, 255, 255, 244, 0, 0, 0, 0, 0, 0, 0, 0, 0, 0, 33, 255, 255, 255, 255, 255, 255, 255, 179, 0, 0, 0],
    &[0, 0, 7, 255, 255, 255, 255, 255, 255, 255, 222, 0, 0, 0, 0, 0, 0, 0, 0, 0, 0, 33, 255, 255, 255, 255, 255, 255, 255, 179, 0, 0, 0],
    &[0, 0, 7, 255, 255, 255, 255, 255, 255, 255, 211, 0, 0, 0, 0, 0, 0, 0, 0, 0, 0, 33, 255, 255, 255, 255, 255, 255, 255, 179, 0, 0, 0],
    &[0, 0, 7, 255, 255, 255, 255, 255, 255, 255, 204, 0, 0, 0, 0, 0, 0, 0, 0, 0, 0, 33, 255, 255, 255, 255, 255, 255, 255, 179, 0, 0, 0],
    &[0, 0, 7, 255, 255, 255, 255, 255, 255, 255, 204, 0, 0, 0, 0, 0, 0, 0, 0, 0, 0, 33, 255, 255, 255, 255, 255, 255, 255, 179, 0, 0, 0],
    &[0, 0, 7, 255, 255, 255, 255, 255, 255, 255, 204, 0, 0, 0, 0, 0, 0, 0, 0, 0, 0, 33, 255, 255, 255, 255, 255, 255, 255, 179, 0, 0, 0],
    &[0, 0, 7, 255, 255, 255, 255, 255, 255, 255, 204, 0, 0, 0, 0, 0, 0, 0, 0, 0, 0, 33, 255, 255, 255, 255, 255, 255, 255, 179, 0, 0, 0],
    &[0, 0, 7, 255, 255, 255, 255, 255, 255, 255, 204, 0, 0, 0, 0, 0, 0, 0, 0, 0, 0, 33, 255, 255, 255, 255, 255, 255, 255, 179, 0, 0, 0],
    &[0, 0, 7, 255, 255, 255, 255, 255, 255, 255, 204, 0, 0, 0, 0, 0, 0, 0, 0, 0, 0, 33, 255, 255, 255, 255, 255, 255, 255, 179, 0, 0, 0],
    &[0, 0, 7, 255, 255, 255, 255, 255, 255, 255, 204, 0, 0, 0, 0, 0, 0, 0, 0, 0, 0, 33, 255, 255, 255, 255, 255, 255, 255, 179, 0, 0, 0],
    &[0, 0, 7, 255, 255, 255, 255, 255, 255, 255, 204, 0, 0, 0, 0, 0, 0, 0, 0, 0, 0, 33, 255, 255, 255, 255, 255, 255, 255, 179, 0, 0, 0],
    &[0, 0, 7, 255, 255, 255, 255, 255, 255, 255, 204, 0, 0, 0, 0, 0, 0, 0, 0, 0, 0, 33, 255, 255, 255, 255, 255, 255, 255, 179, 0, 0, 0],
    &[0, 0, 7, 255, 255, 255, 255, 255, 255, 255, 204, 0, 0, 0, 0, 0, 0, 0, 0, 0, 0, 33, 255, 255, 255, 255, 255, 255, 255, 179, 0, 0, 0],
    &[0, 0, 7, 255, 255, 255, 255, 255, 255, 255, 204, 0, 0, 0, 0, 0, 0, 0, 0, 0, 0, 33, 255, 255, 255, 255, 255, 255, 255, 179, 0, 0, 0],
    &[0, 0, 7, 255, 255, 255, 255, 255, 255, 255, 204, 0, 0, 0, 0, 0, 0, 0, 0, 0, 0, 33, 255, 255, 255, 255, 255, 255, 255, 179, 0, 0, 0],
    &[0, 0, 7, 255, 255, 255, 255, 255, 255, 255, 204, 0, 0, 0, 0, 0, 0, 0, 0, 0, 0, 33, 255, 255, 255, 255, 255, 255, 255, 179, 0, 0, 0],
    &[0, 0, 7, 255, 255, 255, 255, 255, 255, 255, 204, 0, 0, 0, 0, 0, 0, 0, 0, 0, 0, 33, 255, 255, 255, 255, 255, 255, 255, 179, 0, 0, 0],
    &[0, 0, 0, 0, 0, 0, 0, 0, 0, 0, 0, 0, 0, 0, 0, 0, 0, 0, 0, 0, 0, 0, 0, 0, 0, 0, 0, 0, 0, 0, 0, 0, 0],
    &[0, 0, 0, 0, 0, 0, 0, 0, 0, 0, 0, 0, 0, 0, 0, 0, 0, 0, 0, 0, 0, 0, 0, 0, 0, 0, 0, 0, 0, 0, 0, 0, 0],
    &[0, 0, 0, 0, 0, 0, 0, 0, 0, 0, 0, 0, 0, 0, 0, 0, 0, 0, 0, 0, 0, 0, 0, 0, 0, 0, 0, 0, 0, 0, 0, 0, 0],
    &[0, 0, 0, 0, 0, 0, 0, 0, 0, 0, 0, 0, 0, 0, 0, 0, 0, 0, 0, 0, 0, 0, 0, 0, 0, 0, 0, 0, 0, 0, 0, 0, 0],
    &[0, 0, 0, 0, 0, 0, 0, 0, 0, 0, 0, 0, 0, 0, 0, 0, 0, 0, 0, 0, 0, 0, 0, 0, 0, 0, 0, 0, 0, 0, 0, 0, 0],
    &[0, 0, 0, 0, 0, 0, 0, 0, 0, 0, 0, 0, 0, 0, 0, 0, 0, 0, 0, 0, 0, 0, 0, 0, 0, 0, 0, 0, 0, 0, 0, 0, 0],
    &[0, 0, 0, 0, 0, 0, 0, 0, 0, 0, 0, 0, 0, 0, 0, 0, 0, 0, 0, 0, 0, 0, 0, 0, 0, 0, 0, 0, 0, 0, 0, 0, 0],
    &[0, 0, 0, 0, 0, 0, 0, 0, 0, 0, 0, 0, 0, 0, 0, 0, 0, 0, 0, 0, 0, 0, 0, 0, 0, 0, 0, 0, 0, 0, 0, 0, 0],
    &[0, 0, 0, 0, 0, 0, 0, 0, 0, 0, 0, 0, 0, 0, 0, 0, 0, 0, 0, 0, 0, 0, 0, 0, 0, 0, 0, 0, 0, 0, 0, 0, 0],
    &[0, 0, 0, 0, 0, 0, 0, 0, 0, 0, 0, 0, 0, 0, 0, 0, 0, 0, 0, 0, 0, 0, 0, 0, 0, 0, 0, 0, 0, 0, 0, 0, 0],
    &[0, 0, 0, 0, 0, 0, 0, 0, 0, 0, 0, 0, 0, 0, 0, 0, 0, 0, 0, 0, 0, 0, 0, 0, 0, 0, 0, 0, 0, 0, 0, 0, 0],
    &[0, 0, 0, 0, 0, 0, 0, 0, 0, 0, 0, 0, 0, 0, 0, 0, 0, 0, 0, 0, 0, 0, 0, 0, 0, 0, 0, 0, 0, 0, 0, 0, 0],
    &[0, 0, 0, 0, 0, 0, 0, 0, 0, 0, 0, 0, 0, 0, 0, 0, 0, 0, 0, 0, 0, 0, 0, 0, 0, 0, 0, 0, 0, 0, 0, 0, 0],
    &[0, 0, 0, 0, 0, 0, 0, 0, 0, 0, 0, 0, 0, 0, 0, 0, 0, 0, 0, 0, 0, 0, 0, 0, 0, 0, 0, 0, 0, 0, 0, 0, 0],
]