&[
    &[0, 0, 0, 0, 0, 0, 0, 0, 0, 0, 0, 0, 0, 0, 0, 0, 0, 0, 0, 0, 0, 0, 0, 0, 0, 0, 0, 0, 0, 0, 0, 0, 0],
    &[0, 0, 0, 0, 0, 0, 0, 0, 0, 0, 0, 0, 0, 0, 0, 0, 0, 0, 0, 0, 0, 0, 0, 0, 0, 0, 0, 0, 0, 0, 0, 0, 0],
    &[0, 0, 0, 0, 0, 0, 0, 0, 0, 0, 0, 0, 0, 0, 0, 0, 0, 0, 0, 0, 0, 0, 0, 0, 0, 0, 0, 0, 0, 0, 0, 0, 0],
    &[0, 0, 0, 0, 0, 0, 0, 0, 0, 0, 0, 0, 0, 0, 0, 0, 0, 0, 0, 0, 0, 0, 0, 0, 0, 0, 0, 0, 0, 0, 0, 0, 0],
    &[0, 0, 0, 0, 0, 0, 0, 0, 0, 0, 0, 0, 0, 0, 0, 0, 0, 0, 0, 0, 0, 0, 0, 0, 0, 0, 0, 0, 0, 0, 0, 0, 0],
    &[0, 0, 0, 0, 0, 0, 0, 0, 0, 0, 0, 0, 0, 0, 0, 0, 0, 0, 0, 0, 0, 0, 0, 0, 0, 0, 0, 0, 0, 0, 0, 0, 0],
    &[0, 0, 0, 0, 0, 0, 0, 0, 0, 0, 0, 0, 0, 0, 0, 0, 0, 0, 0, 0, 0, 0, 0, 0, 0, 0, 0, 0, 0, 0, 0, 0, 0],
    &[0, 0, 0, 0, 0, 0, 0, 0, 0, 0, 0, 0, 0, 0, 0, 0, 0, 0, 0, 0, 0, 0, 0, 0, 0, 0, 0, 0, 0, 0, 0, 0, 0],
    &[0, 0, 0, 0, 0, 0, 0, 0, 0, 0, 0, 0, 0, 0, 0, 0, 0, 0, 0, 0, 0, 0, 0, 0, 0, 0, 0, 0, 0, 0, 0, 0, 0],
    &[0, 0, 0, 0, 0, 0, 0, 0, 0, 0, 0, 0, 0, 0, 0, 0, 0, 0, 0, 0, 0, 0, 0, 0, 0, 0, 0, 0, 0, 0, 0, 0, 0],
    &[0, 0, 0, 0, 0, 0, 0, 0, 0, 0, 0, 0, 0, 0, 0, 0, 0, 0, 0, 0, 0, 0, 0, 0, 0, 0, 0, 0, 0, 0, 0, 0, 0],
    &[0, 0, 0, 0, 0, 0, 0, 0, 0, 0, 0, 0, 0, 0, 0, 0, 0, 0, 0, 0, 0, 0, 0, 0, 0, 0, 0, 0, 0, 0, 0, 0, 0],
    &[0, 0, 0, 0, 0, 0, 0, 0, 0, 0, 0, 0, 0, 0, 0, 0, 0, 0, 0, 0, 0, 0, 0, 0, 0, 0, 0, 0, 0, 0, 0, 0, 0],
    &[0, 0, 0, 0, 0, 0, 0, 0, 0, 0, 0, 0, 0, 0, 0, 0, 0, 0, 0, 0, 0, 0, 0, 0, 0, 0, 0, 0, 0, 0, 0, 0, 0],
    &[0, 0, 0, 0, 0, 0, 0, 0, 0, 0, 0, 0, 0, 0, 0, 0, 0, 0, 0, 0, 0, 0, 0, 0, 0, 0, 0, 0, 0, 0, 0, 0, 0],
    &[0, 0, 0, 0, 0, 0, 0, 0, 0, 0, 0, 0, 0, 0, 0, 0, 0, 0, 0, 0, 0, 0, 0, 0, 0, 0, 0, 0, 0, 0, 0, 0, 0],
    &[0, 0, 0, 0, 0, 0, 0, 0, 0, 0, 0, 0, 0, 0, 0, 0, 0, 0, 0, 0, 0, 0, 0, 0, 0, 0, 0, 0, 0, 0, 0, 0, 0],
    &[0, 0, 0, 0, 0, 0, 0, 0, 0, 0, 0, 0, 0, 0, 0, 0, 0, 0, 0, 0, 0, 0, 0, 0, 0, 0, 0, 0, 0, 0, 0, 0, 0],
    &[0, 0, 0, 0, 0, 0, 0, 0, 0, 0, 0, 0, 0, 0, 0, 0, 0, 0, 0, 0, 0, 0, 0, 0, 0, 0, 0, 0, 0, 0, 0, 0, 0],
    &[0, 0, 0, 0, 0, 0, 0, 0, 0, 0, 0, 0, 0, 1, 0, 0, 0, 0, 0, 0, 0, 0, 0, 0, 0, 0, 0, 0, 0, 0, 0, 0, 0],
    &[0, 0, 0, 0, 0, 0, 0, 0, 5, 81, 172, 211, 238, 253, 231, 204, 142, 56, 1, 0, 0, 0, 0, 72, 123, 123, 123, 123, 123, 53, 0, 0, 0],
    &[0, 0, 0, 0, 0, 0, 0, 77, 231, 255, 255, 255, 255, 255, 255, 255, 255, 255, 204, 48, 0, 0, 0, 206, 255, 255, 255, 255, 255, 110, 0, 0, 0],
    &[0, 0, 0, 0, 0, 0, 139, 255, 255, 255, 255, 255, 255, 255, 255, 255, 255, 255, 255, 251, 110, 0, 27, 255, 255, 255, 255, 255, 255, 110, 0, 0, 0],
    &[0, 0, 0, 0, 0, 117, 255, 255, 255, 255, 255, 255, 255, 255, 255, 255, 255, 255, 255, 255, 254, 94, 103, 255, 255, 255, 255, 255, 255, 110, 0, 0, 0],
    &[0, 0, 0, 0, 63, 253, 255, 255, 255, 255, 255, 255, 255, 255, 255, 255, 255, 255, 255, 255, 255, 251, 226, 255, 255, 255, 255, 255, 255, 110, 0, 0, 0],
    &[0, 0, 0, 0, 199, 255, 255, 255, 255, 255, 255, 255, 255, 255, 255, 255, 255, 255, 255, 255, 255, 255, 255, 255, 255, 255, 255, 255, 255, 110, 0, 0, 0],
    &[0, 0, 0, 73, 255, 255, 255, 255, 255, 255, 255, 255, 255, 248, 176, 133, 126, 159, 235, 255, 255, 255, 255, 255, 255, 255, 255, 255, 255, 110, 0, 0, 0],
    &[0, 0, 0, 166, 255, 255, 255, 255, 255, 255, 255, 255, 195, 28, 0, 0, 0, 0, 9, 144, 255, 255, 255, 255, 255, 255, 255, 255, 255, 110, 0, 0, 0],
    &[0, 0, 5, 240, 255, 255, 255, 255, 255, 255, 255, 217, 14, 0, 0, 0, 0, 0, 0, 0, 145, 255, 255, 255, 255, 255, 255, 255, 255, 110, 0, 0, 0],
    &[0, 0, 60, 255, 255, 255, 255, 255, 255, 255, 255, 82, 0, 0, 0, 0, 0, 0, 0, 0, 10, 229, 255, 255, 255, 255, 255, 255, 255, 110, 0, 0, 0],
    &[0, 0, 103, 255, 255, 255, 255, 255, 255, 255, 234, 2, 0, 0, 0, 0, 0, 0, 0, 0, 0, 136, 255, 255, 255, 255, 255, 255, 255, 110, 0, 0, 0],
    &[0, 0, 145, 255, 255, 255, 255, 255, 255, 255, 165, 0, 0, 0, 0, 0, 0, 0, 0, 0, 0, 62, 255, 255, 255, 255, 255, 255, 255, 110, 0, 0, 0],
    &[0, 0, 178, 255, 255, 255, 255, 255, 255, 255, 121, 0, 0, 0, 0, 0, 0, 0, 0, 0, 0, 18, 255, 255, 255, 255, 255, 255, 255, 110, 0, 0, 0],
    &[0, 0, 191, 255, 255, 255, 255, 255, 255, 255, 89, 0, 0, 0, 0, 0, 0, 0, 0, 0, 0, 0, 242, 255, 255, 255, 255, 255, 255, 110, 0, 0, 0],
    &[0, 0, 204, 255, 255, 255, 255, 255, 255, 255, 76, 0, 0, 0, 0, 0, 0, 0, 0, 0, 0, 0, 230, 255, 255, 255, 255, 255, 255, 110, 0, 0, 0],
    &[0, 0, 211, 255, 255, 255, 255, 255, 255, 255, 69, 0, 0, 0, 0, 0, 0, 0, 0, 0, 0, 0, 220, 255, 255, 255, 255, 255, 255, 110, 0, 0, 0],
    &[0, 0, 198, 255, 255, 255, 255, 255, 255, 255, 79, 0, 0, 0, 0, 0, 0, 0, 0, 0, 0, 0, 226, 255, 255, 255, 255, 255, 255, 110, 0, 0, 0],
    &[0, 0, 185, 255, 255, 255, 255, 255, 255, 255, 95, 0, 0, 0, 0, 0, 0, 0, 0, 0, 0, 2, 251, 255, 255, 255, 255, 255, 255, 110, 0, 0, 0],
    &[0, 0, 166, 255, 255, 255, 255, 255, 255, 255, 132, 0, 0, 0, 0, 0, 0, 0, 0, 0, 0, 26, 255, 255, 255, 255, 255, 255, 255, 110, 0, 0, 0],
    &[0, 0, 125, 255, 255, 255, 255, 255, 255, 255, 185, 0, 0, 0, 0, 0, 0, 0, 0, 0, 0, 69, 255, 255, 255, 255, 255, 255, 255, 110, 0, 0, 0],
    &[0, 0, 82, 255, 255, 255, 255, 255, 255, 255, 248, 15, 0, 0, 0, 0, 0, 0, 0, 0, 0, 170, 255, 255, 255, 255, 255, 255, 255, 110, 0, 0, 0],
    &[0, 0, 30, 255, 255, 255, 255, 255, 255, 255, 255, 126, 0, 0, 0, 0, 0, 0, 0, 0, 26, 250, 255, 255, 255, 255, 255, 255, 255, 110, 0, 0, 0],
    &[0, 0, 0, 207, 255, 255, 255, 255, 255, 255, 255, 249, 62, 0, 0, 0, 0, 0, 0, 7, 190, 255, 255, 255, 255, 255, 255, 255, 255, 110, 0, 0, 0],
    &[0, 0, 0, 126, 255, 255, 255, 255, 255, 255, 255, 255, 250, 135, 40, 3, 0, 19, 90, 214, 255, 255, 255, 255, 255, 255, 255, 255, 255, 110, 0, 0, 0],
    &[0, 0, 0, 24, 246, 255, 255, 255, 255, 255, 255, 255, 255, 255, 255, 253, 248, 255, 255, 255, 255, 255, 255, 255, 255, 255, 255, 255, 255, 110, 0, 0, 0],
    &[0, 0, 0, 0, 140, 255, 255, 255, 255, 255, 255, 255, 255, 255, 255, 255, 255, 255, 255, 255, 255, 255, 255, 255, 255, 255, 255, 255, 255, 110, 0, 0, 0],
    &[0, 0, 0, 0, 16, 219, 255, 255, 255, 255, 255, 255, 255, 255, 255, 255, 255, 255, 255, 255, 255, 132, 247, 255, 255, 255, 255, 255, 255, 110, 0, 0, 0],
    &[0, 0, 0, 0, 0, 42, 242, 255, 255, 255, 255, 255, 255, 255, 255, 255, 255, 255, 255, 255, 170, 16, 255, 255, 255, 255, 255, 255, 255, 110, 0, 0, 0],
    &[0, 0, 0, 0, 0, 0, 46, 216, 255, 255, 255, 255, 255, 255, 255, 255, 255, 255, 251, 128, 4, 37, 255, 255, 255, 255, 255, 255, 255, 110, 0, 0, 0],
    &[0, 0, 0, 0, 0, 0, 0, 12, 130, 227, 255, 255, 255, 255, 255, 255, 242, 159, 48, 0, 0, 53, 255, 255, 255, 255, 255, 255, 255, 110, 0, 0, 0],
    &[0, 0, 0, 0, 0, 0, 0, 0, 0, 2, 60, 94, 122, 126, 98, 69, 10, 0, 0, 0, 0, 59, 255, 255, 255, 255, 255, 255, 255, 110, 0, 0, 0],
    &[0, 0, 0, 0, 0, 0, 0, 0, 0, 0, 0, 0, 0, 0, 0, 0, 0, 0, 0, 0, 0, 60, 255, 255, 255, 255, 255, 255, 255, 110, 0, 0, 0],
    &[0, 0, 0, 0, 0, 0, 0, 0, 0, 0, 0, 0, 0, 0, 0, 0, 0, 0, 0, 0, 0, 60, 255, 255, 255, 255, 255, 255, 255, 110, 0, 0, 0],
    &[0, 0, 0, 0, 0, 0, 0, 0, 0, 0, 0, 0, 0, 0, 0, 0, 0, 0, 0, 0, 0, 60, 255, 255, 255, 255, 255, 255, 255, 110, 0, 0, 0],
    &[0, 0, 0, 0, 0, 0, 0, 0, 0, 0, 0, 0, 0, 0, 0, 0, 0, 0, 0, 0, 0, 60, 255, 255, 255, 255, 255, 255, 255, 110, 0, 0, 0],
    &[0, 0, 0, 0, 0, 0, 0, 0, 0, 0, 0, 0, 0, 0, 0, 0, 0, 0, 0, 0, 0, 60, 255, 255, 255, 255, 255, 255, 255, 110, 0, 0, 0],
    &[0, 0, 0, 0, 0, 0, 0, 0, 0, 0, 0, 0, 0, 0, 0, 0, 0, 0, 0, 0, 0, 60, 255, 255, 255, 255, 255, 255, 255, 110, 0, 0, 0],
    &[0, 0, 0, 0, 0, 0, 0, 0, 0, 0, 0, 0, 0, 0, 0, 0, 0, 0, 0, 0, 0, 60, 255, 255, 255, 255, 255, 255, 255, 110, 0, 0, 0],
    &[0, 0, 0, 0, 0, 0, 0, 0, 0, 0, 0, 0, 0, 0, 0, 0, 0, 0, 0, 0, 0, 60, 255, 255, 255, 255, 255, 255, 255, 110, 0, 0, 0],
    &[0, 0, 0, 0, 0, 0, 0, 0, 0, 0, 0, 0, 0, 0, 0, 0, 0, 0, 0, 0, 0, 60, 255, 255, 255, 255, 255, 255, 255, 110, 0, 0, 0],
    &[0, 0, 0, 0, 0, 0, 0, 0, 0, 0, 0, 0, 0, 0, 0, 0, 0, 0, 0, 0, 0, 60, 255, 255, 255, 255, 255, 255, 255, 110, 0, 0, 0],
    &[0, 0, 0, 0, 0, 0, 0, 0, 0, 0, 0, 0, 0, 0, 0, 0, 0, 0, 0, 0, 0, 60, 255, 255, 255, 255, 255, 255, 255, 110, 0, 0, 0],
    &[0, 0, 0, 0, 0, 0, 0, 0, 0, 0, 0, 0, 0, 0, 0, 0, 0, 0, 0, 0, 0, 58, 245, 245, 245, 245, 245, 245, 245, 105, 0, 0, 0],
    &[0, 0, 0, 0, 0, 0, 0, 0, 0, 0, 0, 0, 0, 0, 0, 0, 0, 0, 0, 0, 0, 0, 0, 0, 0, 0, 0, 0, 0, 0, 0, 0, 0],
]