&[
    &[0, 0, 0, 0, 0, 0, 0, 0, 0, 0, 0, 0, 0, 0, 0, 0, 0, 0, 0, 0, 0, 0, 0, 0, 0, 0, 0, 0, 0, 0, 0, 0, 0],
    &[0, 0, 0, 0, 0, 0, 0, 0, 0, 0, 0, 0, 0, 0, 0, 0, 0, 0, 0, 0, 0, 0, 0, 0, 0, 0, 0, 0, 0, 0, 0, 0, 0],
    &[0, 0, 0, 0, 0, 0, 0, 0, 0, 0, 0, 0, 0, 0, 0, 0, 0, 0, 0, 0, 0, 0, 0, 0, 0, 0, 0, 0, 0, 0, 0, 0, 0],
    &[0, 0, 0, 0, 0, 0, 0, 0, 0, 0, 0, 0, 0, 0, 0, 0, 0, 0, 0, 0, 0, 0, 0, 0, 0, 0, 0, 0, 0, 0, 0, 0, 0],
    &[0, 0, 0, 0, 0, 0, 0, 0, 0, 0, 0, 0, 0, 0, 0, 0, 0, 0, 0, 0, 0, 0, 0, 0, 0, 0, 0, 0, 0, 0, 0, 0, 0],
    &[0, 0, 0, 0, 0, 0, 0, 0, 0, 0, 0, 0, 0, 0, 0, 0, 0, 0, 0, 0, 0, 0, 0, 0, 0, 0, 0, 0, 0, 0, 0, 0, 0],
    &[0, 0, 0, 0, 0, 0, 0, 0, 0, 0, 0, 0, 0, 0, 0, 0, 0, 0, 0, 0, 0, 0, 0, 0, 0, 0, 0, 0, 0, 0, 0, 0, 0],
    &[0, 0, 0, 0, 0, 0, 0, 0, 0, 0, 0, 0, 0, 0, 0, 0, 0, 0, 0, 0, 0, 0, 0, 0, 0, 0, 0, 0, 0, 0, 0, 0, 0],
    &[0, 0, 0, 0, 0, 0, 0, 0, 0, 0, 0, 0, 0, 0, 0, 0, 0, 0, 0, 0, 0, 0, 0, 0, 0, 0, 0, 0, 0, 0, 0, 0, 0],
    &[0, 0, 0, 0, 0, 0, 0, 0, 0, 0, 0, 0, 0, 0, 0, 0, 0, 0, 0, 0, 0, 0, 0, 0, 0, 0, 0, 0, 0, 0, 0, 0, 0],
    &[0, 0, 0, 0, 0, 0, 0, 0, 0, 0, 0, 0, 0, 0, 0, 0, 0, 0, 0, 0, 0, 0, 0, 0, 0, 0, 0, 0, 0, 0, 0, 0, 0],
    &[0, 0, 0, 0, 0, 0, 0, 0, 0, 0, 0, 0, 0, 0, 0, 0, 0, 0, 0, 0, 0, 0, 0, 0, 0, 0, 0, 0, 0, 0, 0, 0, 0],
    &[0, 0, 0, 0, 0, 0, 0, 0, 0, 0, 0, 0, 0, 0, 0, 0, 0, 0, 0, 0, 0, 0, 0, 0, 0, 0, 0, 0, 0, 0, 0, 0, 0],
    &[0, 0, 0, 0, 0, 0, 0, 0, 0, 0, 0, 0, 0, 0, 0, 0, 0, 0, 0, 0, 0, 0, 0, 0, 0, 0, 0, 0, 0, 0, 0, 0, 0],
    &[0, 0, 0, 0, 0, 0, 0, 0, 0, 0, 0, 0, 0, 0, 0, 0, 0, 0, 0, 0, 0, 0, 0, 0, 0, 0, 0, 0, 0, 0, 0, 0, 0],
    &[0, 0, 0, 0, 0, 0, 0, 0, 0, 0, 0, 0, 0, 0, 0, 0, 0, 0, 0, 0, 0, 0, 0, 0, 0, 0, 0, 0, 0, 0, 0, 0, 0],
    &[0, 0, 0, 0, 0, 0, 0, 0, 0, 0, 0, 0, 0, 0, 0, 0, 0, 0, 0, 0, 0, 0, 0, 0, 0, 0, 0, 0, 0, 0, 0, 0, 0],
    &[0, 0, 0, 0, 0, 0, 0, 0, 0, 0, 0, 0, 0, 0, 0, 0, 0, 0, 0, 0, 0, 0, 0, 0, 0, 0, 0, 0, 0, 0, 0, 0, 0],
    &[0, 0, 0, 0, 0, 0, 0, 0, 0, 0, 0, 0, 0, 0, 0, 0, 0, 0, 0, 0, 0, 0, 0, 0, 0, 0, 0, 0, 0, 0, 0, 0, 0],
    &[0, 0, 0, 0, 0, 0, 0, 0, 0, 0, 0, 0, 0, 0, 0, 0, 0, 0, 0, 0, 0, 0, 0, 0, 0, 0, 0, 0, 0, 0, 0, 0, 0],
    &[0, 0, 0, 0, 0, 0, 0, 0, 0, 0, 0, 0, 0, 0, 0, 0, 0, 0, 0, 0, 0, 0, 0, 0, 0, 0, 0, 0, 0, 0, 0, 0, 0],
    &[0, 0, 0, 0, 229, 241, 241, 241, 219, 0, 0, 0, 0, 0, 0, 0, 0, 0, 0, 0, 0, 0, 0, 188, 241, 241, 241, 241, 19, 0, 0, 0, 0],
    &[0, 0, 0, 0, 243, 255, 255, 255, 232, 0, 0, 0, 0, 0, 0, 0, 0, 0, 0, 0, 0, 0, 0, 199, 255, 255, 255, 255, 20, 0, 0, 0, 0],
    &[0, 0, 0, 0, 243, 255, 255, 255, 232, 0, 0, 0, 0, 0, 0, 0, 0, 0, 0, 0, 0, 0, 0, 199, 255, 255, 255, 255, 20, 0, 0, 0, 0],
    &[0, 0, 0, 0, 243, 255, 255, 255, 232, 0, 0, 0, 0, 0, 0, 0, 0, 0, 0, 0, 0, 0, 0, 199, 255, 255, 255, 255, 20, 0, 0, 0, 0],
    &[0, 0, 0, 0, 243, 255, 255, 255, 232, 0, 0, 0, 0, 0, 0, 0, 0, 0, 0, 0, 0, 0, 0, 199, 255, 255, 255, 255, 20, 0, 0, 0, 0],
    &[0, 0, 0, 0, 243, 255, 255, 255, 232, 0, 0, 0, 0, 0, 0, 0, 0, 0, 0, 0, 0, 0, 0, 199, 255, 255, 255, 255, 20, 0, 0, 0, 0],
    &[0, 0, 0, 0, 243, 255, 255, 255, 232, 0, 0, 0, 0, 0, 0, 0, 0, 0, 0, 0, 0, 0, 0, 199, 255, 255, 255, 255, 20, 0, 0, 0, 0],
    &[0, 0, 0, 0, 243, 255, 255, 255, 232, 0, 0, 0, 0, 0, 0, 0, 0, 0, 0, 0, 0, 0, 0, 199, 255, 255, 255, 255, 20, 0, 0, 0, 0],
    &[0, 0, 0, 0, 243, 255, 255, 255, 232, 0, 0, 0, 0, 0, 0, 0, 0, 0, 0, 0, 0, 0, 0, 199, 255, 255, 255, 255, 20, 0, 0, 0, 0],
    &[0, 0, 0, 0, 243, 255, 255, 255, 232, 0, 0, 0, 0, 0, 0, 0, 0, 0, 0, 0, 0, 0, 0, 199, 255, 255, 255, 255, 20, 0, 0, 0, 0],
    &[0, 0, 0, 0, 243, 255, 255, 255, 232, 0, 0, 0, 0, 0, 0, 0, 0, 0, 0, 0, 0, 0, 0, 199, 255, 255, 255, 255, 20, 0, 0, 0, 0],
    &[0, 0, 0, 0, 243, 255, 255, 255, 232, 0, 0, 0, 0, 0, 0, 0, 0, 0, 0, 0, 0, 0, 0, 199, 255, 255, 255, 255, 20, 0, 0, 0, 0],
    &[0, 0, 0, 0, 243, 255, 255, 255, 232, 0, 0, 0, 0, 0, 0, 0, 0, 0, 0, 0, 0, 0, 0, 199, 255, 255, 255, 255, 20, 0, 0, 0, 0],
    &[0, 0, 0, 0, 243, 255, 255, 255, 232, 0, 0, 0, 0, 0, 0, 0, 0, 0, 0, 0, 0, 0, 0, 199, 255, 255, 255, 255, 20, 0, 0, 0, 0],
    &[0, 0, 0, 0, 243, 255, 255, 255, 232, 0, 0, 0, 0, 0, 0, 0, 0, 0, 0, 0, 0, 0, 0, 199, 255, 255, 255, 255, 20, 0, 0, 0, 0],
    &[0, 0, 0, 0, 243, 255, 255, 255, 232, 0, 0, 0, 0, 0, 0, 0, 0, 0, 0, 0, 0, 0, 0, 207, 255, 255, 255, 255, 20, 0, 0, 0, 0],
    &[0, 0, 0, 0, 243, 255, 255, 255, 232, 0, 0, 0, 0, 0, 0, 0, 0, 0, 0, 0, 0, 0, 0, 222, 255, 255, 255, 255, 20, 0, 0, 0, 0],
    &[0, 0, 0, 0, 243, 255, 255, 255, 232, 0, 0, 0, 0, 0, 0, 0, 0, 0, 0, 0, 0, 0, 0, 237, 255, 255, 255, 255, 20, 0, 0, 0, 0],
    &[0, 0, 0, 0, 243, 255, 255, 255, 235, 0, 0, 0, 0, 0, 0, 0, 0, 0, 0, 0, 0, 0, 15, 254, 255, 255, 255, 255, 20, 0, 0, 0, 0],
    &[0, 0, 0, 0, 239, 255, 255, 255, 254, 6, 0, 0, 0, 0, 0, 0, 0, 0, 0, 0, 0, 0, 67, 255, 255, 255, 255, 255, 20, 0, 0, 0, 0],
    &[0, 0, 0, 0, 223, 255, 255, 255, 255, 34, 0, 0, 0, 0, 0, 0, 0, 0, 0, 0, 0, 0, 123, 255, 255, 255, 255, 255, 20, 0, 0, 0, 0],
    &[0, 0, 0, 0, 205, 255, 255, 255, 255, 72, 0, 0, 0, 0, 0, 0, 0, 0, 0, 0, 0, 4, 223, 255, 255, 255, 255, 255, 20, 0, 0, 0, 0],
    &[0, 0, 0, 0, 159, 255, 255, 255, 255, 178, 0, 0, 0, 0, 0, 0, 0, 0, 0, 0, 0, 93, 255, 255, 255, 255, 255, 255, 20, 0, 0, 0, 0],
    &[0, 0, 0, 0, 100, 255, 255, 255, 255, 255, 51, 0, 0, 0, 0, 0, 0, 0, 0, 0, 56, 243, 255, 255, 255, 255, 255, 255, 20, 0, 0, 0, 0],
    &[0, 0, 0, 0, 16, 244, 255, 255, 255, 255, 230, 64, 0, 0, 0, 0, 0, 0, 10, 108, 239, 255, 255, 255, 255, 255, 255, 255, 20, 0, 0, 0, 0],
    &[0, 0, 0, 0, 0, 140, 255, 255, 255, 255, 255, 255, 206, 143, 116, 111, 139, 169, 235, 255, 255, 255, 221, 134, 255, 255, 255, 255, 20, 0, 0, 0, 0],
    &[0, 0, 0, 0, 0, 8, 208, 255, 255, 255, 255, 255, 255, 255, 255, 255, 255, 255, 255, 255, 255, 240, 49, 66, 255, 255, 255, 255, 20, 0, 0, 0, 0],
    &[0, 0, 0, 0, 0, 0, 21, 193, 255, 255, 255, 255, 255, 255, 255, 255, 255, 255, 255, 255, 222, 45, 0, 20, 255, 255, 255, 255, 20, 0, 0, 0, 0],
    &[0, 0, 0, 0, 0, 0, 0, 4, 95, 210, 255, 255, 255, 255, 255, 255, 255, 255, 220, 120, 8, 0, 0, 0, 229, 255, 255, 255, 20, 0, 0, 0, 0],
    &[0, 0, 0, 0, 0, 0, 0, 0, 0, 0, 25, 83, 110, 128, 132, 118, 89, 41, 0, 0, 0, 0, 0, 0, 0, 0, 0, 0, 0, 0, 0, 0, 0],
    &[0, 0, 0, 0, 0, 0, 0, 0, 0, 0, 0, 0, 0, 0, 0, 0, 0, 0, 0, 0, 0, 0, 0, 0, 0, 0, 0, 0, 0, 0, 0, 0, 0],
    &[0, 0, 0, 0, 0, 0, 0, 0, 0, 0, 0, 0, 0, 0, 0, 0, 0, 0, 0, 0, 0, 0, 0, 0, 0, 0, 0, 0, 0, 0, 0, 0, 0],
    &[0, 0, 0, 0, 0, 0, 0, 0, 0, 0, 0, 0, 0, 0, 0, 0, 0, 0, 0, 0, 0, 0, 0, 0, 0, 0, 0, 0, 0, 0, 0, 0, 0],
    &[0, 0, 0, 0, 0, 0, 0, 0, 0, 0, 0, 0, 0, 0, 0, 0, 0, 0, 0, 0, 0, 0, 0, 0, 0, 0, 0, 0, 0, 0, 0, 0, 0],
    &[0, 0, 0, 0, 0, 0, 0, 0, 0, 0, 0, 0, 0, 0, 0, 0, 0, 0, 0, 0, 0, 0, 0, 0, 0, 0, 0, 0, 0, 0, 0, 0, 0],
    &[0, 0, 0, 0, 0, 0, 0, 0, 0, 0, 0, 0, 0, 0, 0, 0, 0, 0, 0, 0, 0, 0, 0, 0, 0, 0, 0, 0, 0, 0, 0, 0, 0],
    &[0, 0, 0, 0, 0, 0, 0, 0, 0, 0, 0, 0, 0, 0, 0, 0, 0, 0, 0, 0, 0, 0, 0, 0, 0, 0, 0, 0, 0, 0, 0, 0, 0],
    &[0, 0, 0, 0, 0, 0, 0, 0, 0, 0, 0, 0, 0, 0, 0, 0, 0, 0, 0, 0, 0, 0, 0, 0, 0, 0, 0, 0, 0, 0, 0, 0, 0],
    &[0, 0, 0, 0, 0, 0, 0, 0, 0, 0, 0, 0, 0, 0, 0, 0, 0, 0, 0, 0, 0, 0, 0, 0, 0, 0, 0, 0, 0, 0, 0, 0, 0],
    &[0, 0, 0, 0, 0, 0, 0, 0, 0, 0, 0, 0, 0, 0, 0, 0, 0, 0, 0, 0, 0, 0, 0, 0, 0, 0, 0, 0, 0, 0, 0, 0, 0],
    &[0, 0, 0, 0, 0, 0, 0, 0, 0, 0, 0, 0, 0, 0, 0, 0, 0, 0, 0, 0, 0, 0, 0, 0, 0, 0, 0, 0, 0, 0, 0, 0, 0],
    &[0, 0, 0, 0, 0, 0, 0, 0, 0, 0, 0, 0, 0, 0, 0, 0, 0, 0, 0, 0, 0, 0, 0, 0, 0, 0, 0, 0, 0, 0, 0, 0, 0],
    &[0, 0, 0, 0, 0, 0, 0, 0, 0, 0, 0, 0, 0, 0, 0, 0, 0, 0, 0, 0, 0, 0, 0, 0, 0, 0, 0, 0, 0, 0, 0, 0, 0],
]