&[
    &[0, 0, 0, 0, 0, 0, 0, 0, 0, 0, 0, 0, 0, 0, 0, 0, 0, 0, 0, 0, 0, 0, 0, 0, 0, 0, 0, 0, 0, 0, 0, 0, 0],
    &[0, 0, 0, 0, 0, 0, 0, 0, 0, 0, 0, 0, 0, 0, 0, 0, 0, 0, 0, 0, 0, 0, 0, 0, 0, 0, 0, 0, 0, 0, 0, 0, 0],
    &[0, 0, 0, 0, 0, 0, 0, 0, 0, 0, 0, 0, 0, 0, 0, 0, 0, 0, 0, 0, 0, 0, 0, 0, 0, 0, 0, 0, 0, 0, 0, 0, 0],
    &[0, 0, 0, 0, 0, 0, 0, 0, 0, 0, 0, 0, 0, 0, 0, 0, 0, 0, 0, 0, 0, 0, 0, 0, 0, 0, 0, 0, 0, 0, 0, 0, 0],
    &[0, 0, 0, 0, 0, 0, 0, 0, 0, 0, 0, 0, 0, 0, 0, 0, 0, 0, 0, 0, 0, 0, 0, 0, 0, 0, 0, 0, 0, 0, 0, 0, 0],
    &[0, 0, 0, 0, 0, 0, 0, 0, 0, 0, 0, 0, 0, 0, 0, 0, 0, 0, 0, 0, 0, 0, 0, 0, 0, 0, 0, 0, 0, 0, 0, 0, 0],
    &[0, 0, 0, 0, 0, 0, 0, 0, 0, 0, 0, 0, 0, 0, 0, 0, 0, 0, 0, 0, 0, 0, 0, 0, 0, 0, 0, 0, 0, 0, 0, 0, 0],
    &[0, 0, 0, 0, 0, 0, 0, 0, 0, 0, 0, 0, 0, 0, 0, 0, 0, 0, 0, 0, 0, 0, 0, 0, 0, 0, 0, 0, 0, 0, 0, 0, 0],
    &[0, 0, 0, 0, 0, 0, 0, 0, 0, 0, 0, 0, 0, 0, 0, 0, 0, 0, 0, 0, 0, 0, 0, 0, 0, 0, 0, 0, 0, 0, 0, 0, 0],
    &[0, 0, 0, 0, 0, 0, 0, 0, 0, 0, 0, 0, 0, 0, 0, 0, 0, 0, 0, 0, 0, 0, 0, 0, 0, 0, 0, 0, 0, 0, 0, 0, 0],
    &[0, 0, 0, 0, 0, 0, 0, 0, 0, 0, 0, 0, 0, 0, 0, 0, 0, 0, 0, 0, 0, 0, 0, 0, 0, 0, 0, 0, 0, 0, 0, 0, 0],
    &[0, 0, 0, 0, 0, 0, 0, 0, 0, 0, 0, 0, 0, 0, 0, 0, 0, 0, 0, 0, 0, 0, 0, 0, 0, 0, 0, 0, 0, 0, 0, 0, 0],
    &[0, 0, 0, 0, 0, 0, 0, 0, 0, 0, 0, 0, 0, 0, 0, 0, 0, 0, 0, 0, 0, 0, 0, 0, 0, 0, 0, 0, 0, 0, 0, 0, 0],
    &[0, 0, 0, 0, 0, 0, 0, 0, 0, 0, 0, 0, 0, 0, 0, 0, 0, 0, 0, 0, 0, 0, 0, 0, 0, 0, 0, 0, 0, 0, 0, 0, 0],
    &[0, 0, 0, 0, 0, 0, 0, 0, 0, 0, 0, 0, 0, 0, 0, 0, 0, 0, 0, 0, 0, 0, 0, 0, 0, 0, 0, 0, 0, 0, 0, 0, 0],
    &[0, 0, 0, 0, 0, 0, 0, 0, 0, 0, 0, 0, 0, 0, 0, 0, 0, 0, 0, 0, 0, 0, 0, 0, 0, 0, 0, 0, 0, 0, 0, 0, 0],
    &[0, 0, 0, 0, 0, 0, 0, 0, 0, 0, 0, 0, 0, 0, 0, 0, 0, 0, 0, 0, 0, 0, 0, 0, 0, 0, 0, 0, 0, 0, 0, 0, 0],
    &[0, 0, 0, 0, 0, 0, 0, 0, 0, 0, 0, 0, 0, 0, 0, 0, 0, 0, 0, 0, 0, 0, 0, 0, 0, 0, 0, 0, 0, 0, 0, 0, 0],
    &[0, 0, 0, 0, 0, 0, 0, 0, 0, 0, 0, 0, 0, 0, 0, 0, 0, 0, 0, 0, 0, 0, 0, 0, 0, 0, 0, 0, 0, 0, 0, 0, 0],
    &[0, 0, 0, 0, 0, 0, 0, 0, 0, 0, 0, 0, 0, 0, 0, 0, 0, 0, 0, 0, 0, 0, 0, 0, 0, 0, 0, 0, 0, 0, 0, 0, 0],
    &[0, 102, 123, 123, 123, 123, 123, 123, 123, 71, 0, 0, 0, 0, 0, 0, 0, 0, 0, 0, 0, 0, 3, 122, 123, 123, 123, 123, 123, 123, 123, 28, 0],
    &[0, 141, 255, 255, 255, 255, 255, 255, 255, 209, 0, 0, 0, 0, 0, 0, 0, 0, 0, 0, 0, 0, 64, 255, 255, 255, 255, 255, 255, 255, 237, 6, 0],
    &[0, 46, 255, 255, 255, 255, 255, 255, 255, 255, 34, 0, 0, 0, 0, 0, 0, 0, 0, 0, 0, 0, 144, 255, 255, 255, 255, 255, 255, 255, 148, 0, 0],
    &[0, 0, 207, 255, 255, 255, 255, 255, 255, 255, 116, 0, 0, 0, 0, 0, 0, 0, 0, 0, 0, 0, 224, 255, 255, 255, 255, 255, 255, 255, 52, 0, 0],
    &[0, 0, 112, 255, 255, 255, 255, 255, 255, 255, 197, 0, 0, 0, 0, 0, 0, 0, 0, 0, 0, 49, 255, 255, 255, 255, 255, 255, 255, 212, 0, 0, 0],
    &[0, 0, 22, 251, 255, 255, 255, 255, 255, 255, 254, 25, 0, 0, 0, 0, 0, 0, 0, 0, 0, 129, 255, 255, 255, 255, 255, 255, 255, 117, 0, 0, 0],
    &[0, 0, 0, 177, 255, 255, 255, 255, 255, 255, 255, 104, 0, 0, 0, 0, 0, 0, 0, 0, 0, 210, 255, 255, 255, 255, 255, 255, 252, 25, 0, 0, 0],
    &[0, 0, 0, 82, 255, 255, 255, 255, 255, 255, 255, 186, 0, 0, 0, 0, 0, 0, 0, 0, 34, 255, 255, 255, 255, 255, 255, 255, 181, 0, 0, 0, 0],
    &[0, 0, 0, 6, 237, 255, 255, 255, 255, 255, 255, 250, 16, 0, 0, 0, 0, 0, 0, 0, 115, 255, 255, 255, 255, 255, 255, 255, 86, 0, 0, 0, 0],
    &[0, 0, 0, 0, 148, 255, 255, 255, 255, 255, 255, 255, 93, 0, 0, 0, 0, 0, 0, 0, 195, 255, 255, 255, 255, 255, 255, 238, 7, 0, 0, 0, 0],
    &[0, 0, 0, 0, 53, 255, 255, 255, 255, 255, 255, 255, 174, 0, 0, 0, 0, 0, 0, 22, 253, 255, 255, 255, 255, 255, 255, 150, 0, 0, 0, 0, 0],
    &[0, 0, 0, 0, 0, 213, 255, 255, 255, 255, 255, 255, 245, 10, 0, 0, 0, 0, 0, 100, 255, 255, 255, 255, 255, 255, 255, 55, 0, 0, 0, 0, 0],
    &[0, 0, 0, 0, 0, 118, 255, 255, 255, 255, 255, 255, 255, 81, 0, 0, 0, 0, 0, 180, 255, 255, 255, 255, 255, 255, 215, 0, 0, 0, 0, 0, 0],
    &[0, 0, 0, 0, 0, 26, 252, 255, 255, 255, 255, 255, 255, 163, 0, 0, 0, 0, 12, 248, 255, 255, 255, 255, 255, 255, 119, 0, 0, 0, 0, 0, 0],
    &[0, 0, 0, 0, 0, 0, 184, 255, 255, 255, 255, 255, 255, 239, 5, 0, 0, 0, 85, 255, 255, 255, 255, 255, 255, 253, 27, 0, 0, 0, 0, 0, 0],
    &[0, 0, 0, 0, 0, 0, 89, 255, 255, 255, 255, 255, 255, 255, 70, 0, 0, 0, 165, 255, 255, 255, 255, 255, 255, 184, 0, 0, 0, 0, 0, 0, 0],
    &[0, 0, 0, 0, 0, 0, 9, 240, 255, 255, 255, 255, 255, 255, 151, 0, 0, 5, 240, 255, 255, 255, 255, 255, 255, 89, 0, 0, 0, 0, 0, 0, 0],
    &[0, 0, 0, 0, 0, 0, 0, 154, 255, 255, 255, 255, 255, 255, 229, 0, 0, 68, 255, 255, 255, 255, 255, 255, 240, 8, 0, 0, 0, 0, 0, 0, 0],
    &[0, 0, 0, 0, 0, 0, 0, 59, 255, 255, 255, 255, 255, 255, 255, 46, 0, 138, 255, 255, 255, 255, 255, 255, 153, 0, 0, 0, 0, 0, 0, 0, 0],
    &[0, 0, 0, 0, 0, 0, 0, 0, 219, 255, 255, 255, 255, 255, 255, 117, 0, 206, 255, 255, 255, 255, 255, 255, 58, 0, 0, 0, 0, 0, 0, 0, 0],
    &[0, 0, 0, 0, 0, 0, 0, 0, 125, 255, 255, 255, 255, 255, 255, 184, 19, 254, 255, 255, 255, 255, 255, 217, 0, 0, 0, 0, 0, 0, 0, 0, 0],
    &[0, 0, 0, 0, 0, 0, 0, 0, 31, 254, 255, 255, 255, 255, 255, 233, 66, 255, 255, 255, 255, 255, 255, 122, 0, 0, 0, 0, 0, 0, 0, 0, 0],
    &[0, 0, 0, 0, 0, 0, 0, 0, 0, 191, 255, 255, 255, 255, 255, 255, 135, 255, 255, 255, 255, 255, 253, 29, 0, 0, 0, 0, 0, 0, 0, 0, 0],
    &[0, 0, 0, 0, 0, 0, 0, 0, 0, 95, 255, 255, 255, 255, 255, 255, 235, 255, 255, 255, 255, 255, 187, 0, 0, 0, 0, 0, 0, 0, 0, 0, 0],
    &[0, 0, 0, 0, 0, 0, 0, 0, 0, 12, 244, 255, 255, 255, 255, 255, 255, 255, 255, 255, 255, 255, 91, 0, 0, 0, 0, 0, 0, 0, 0, 0, 0],
    &[0, 0, 0, 0, 0, 0, 0, 0, 0, 0, 161, 255, 255, 255, 255, 255, 255, 255, 255, 255, 255, 241, 10, 0, 0, 0, 0, 0, 0, 0, 0, 0, 0],
    &[0, 0, 0, 0, 0, 0, 0, 0, 0, 0, 66, 255, 255, 255, 255, 255, 255, 255, 255, 255, 255, 156, 0, 0, 0, 0, 0, 0, 0, 0, 0, 0, 0],
    &[0, 0, 0, 0, 0, 0, 0, 0, 0, 0, 1, 225, 255, 255, 255, 255, 255, 255, 255, 255, 255, 60, 0, 0, 0, 0, 0, 0, 0, 0, 0, 0, 0],
    &[0, 0, 0, 0, 0, 0, 0, 0, 0, 0, 0, 131, 255, 255, 255, 255, 255, 255, 255, 255, 220, 0, 0, 0, 0, 0, 0, 0, 0, 0, 0, 0, 0],
    &[0, 0, 0, 0, 0, 0, 0, 0, 0, 0, 0, 37, 255, 255, 255, 255, 255, 255, 255, 255, 125, 0, 0, 0, 0, 0, 0, 0, 0, 0, 0, 0, 0],
    &[0, 0, 0, 0, 0, 0, 0, 0, 0, 0, 0, 0, 0, 0, 0, 0, 0, 0, 0, 0, 0, 0, 0, 0, 0, 0, 0, 0, 0, 0, 0, 0, 0],
    &[0, 0, 0, 0, 0, 0, 0, 0, 0, 0, 0, 0, 0, 0, 0, 0, 0, 0, 0, 0, 0, 0, 0, 0, 0, 0, 0, 0, 0, 0, 0, 0, 0],
    &[0, 0, 0, 0, 0, 0, 0, 0, 0, 0, 0, 0, 0, 0, 0, 0, 0, 0, 0, 0, 0, 0, 0, 0, 0, 0, 0, 0, 0, 0, 0, 0, 0],
    &[0, 0, 0, 0, 0, 0, 0, 0, 0, 0, 0, 0, 0, 0, 0, 0, 0, 0, 0, 0, 0, 0, 0, 0, 0, 0, 0, 0, 0, 0, 0, 0, 0],
    &[0, 0, 0, 0, 0, 0, 0, 0, 0, 0, 0, 0, 0, 0, 0, 0, 0, 0, 0, 0, 0, 0, 0, 0, 0, 0, 0, 0, 0, 0, 0, 0, 0],
    &[0, 0, 0, 0, 0, 0, 0, 0, 0, 0, 0, 0, 0, 0, 0, 0, 0, 0, 0, 0, 0, 0, 0, 0, 0, 0, 0, 0, 0, 0, 0, 0, 0],
    &[0, 0, 0, 0, 0, 0, 0, 0, 0, 0, 0, 0, 0, 0, 0, 0, 0, 0, 0, 0, 0, 0, 0, 0, 0, 0, 0, 0, 0, 0, 0, 0, 0],
    &[0, 0, 0, 0, 0, 0, 0, 0, 0, 0, 0, 0, 0, 0, 0, 0, 0, 0, 0, 0, 0, 0, 0, 0, 0, 0, 0, 0, 0, 0, 0, 0, 0],
    &[0, 0, 0, 0, 0, 0, 0, 0, 0, 0, 0, 0, 0, 0, 0, 0, 0, 0, 0, 0, 0, 0, 0, 0, 0, 0, 0, 0, 0, 0, 0, 0, 0],
    &[0, 0, 0, 0, 0, 0, 0, 0, 0, 0, 0, 0, 0, 0, 0, 0, 0, 0, 0, 0, 0, 0, 0, 0, 0, 0, 0, 0, 0, 0, 0, 0, 0],
    &[0, 0, 0, 0, 0, 0, 0, 0, 0, 0, 0, 0, 0, 0, 0, 0, 0, 0, 0, 0, 0, 0, 0, 0, 0, 0, 0, 0, 0, 0, 0, 0, 0],
    &[0, 0, 0, 0, 0, 0, 0, 0, 0, 0, 0, 0, 0, 0, 0, 0, 0, 0, 0, 0, 0, 0, 0, 0, 0, 0, 0, 0, 0, 0, 0, 0, 0],
    &[0, 0, 0, 0, 0, 0, 0, 0, 0, 0, 0, 0, 0, 0, 0, 0, 0, 0, 0, 0, 0, 0, 0, 0, 0, 0, 0, 0, 0, 0, 0, 0, 0],
    &[0, 0, 0, 0, 0, 0, 0, 0, 0, 0, 0, 0, 0, 0, 0, 0, 0, 0, 0, 0, 0, 0, 0, 0, 0, 0, 0, 0, 0, 0, 0, 0, 0],
]