&[
    &[0, 0, 0, 0, 0, 0, 0],
    &[0, 0, 0, 0, 0, 0, 0],
    &[0, 0, 0, 0, 0, 0, 0],
    &[0, 0, 0, 0, 0, 0, 0],
    &[1, 0, 0, 0, 0, 1, 0],
    &[229, 135, 12, 32, 0, 229, 129],
    &[193, 158, 126, 255, 31, 250, 93],
    &[157, 180, 178, 243, 99, 255, 57],
    &[120, 204, 227, 168, 171, 255, 21],
    &[84, 238, 240, 91, 236, 241, 0],
    &[48, 255, 195, 44, 255, 205, 0],
    &[0, 0, 0, 0, 0, 0, 0],
    &[0, 0, 0, 0, 0, 0, 0],
    &[0, 0, 0, 0, 0, 0, 0],
    &[0, 0, 0, 0, 0, 0, 0],
    &[0, 0, 0, 0, 0, 0, 0],
]