&[
    &[0, 0, 0, 0, 0, 0, 0, 0, 0, 0, 0, 0, 0, 0, 0, 0, 0, 0, 0, 0, 0, 0, 0, 0, 0, 0, 0, 0, 0, 0, 0, 0, 0],
    &[0, 0, 0, 0, 0, 0, 0, 0, 0, 0, 0, 0, 0, 0, 0, 0, 0, 0, 0, 0, 0, 0, 0, 0, 0, 0, 0, 0, 0, 0, 0, 0, 0],
    &[0, 0, 0, 0, 0, 0, 0, 0, 0, 0, 0, 0, 0, 0, 0, 0, 0, 0, 0, 0, 0, 0, 0, 0, 0, 0, 0, 0, 0, 0, 0, 0, 0],
    &[0, 0, 0, 0, 0, 0, 0, 0, 0, 0, 0, 0, 0, 0, 0, 0, 0, 0, 0, 0, 0, 0, 0, 0, 0, 0, 0, 0, 0, 0, 0, 0, 0],
    &[0, 0, 0, 0, 0, 0, 0, 0, 0, 0, 0, 0, 0, 0, 0, 0, 0, 0, 0, 0, 0, 0, 0, 0, 0, 0, 0, 0, 0, 0, 0, 0, 0],
    &[0, 0, 0, 0, 0, 0, 0, 0, 0, 0, 0, 0, 0, 0, 0, 0, 0, 0, 0, 0, 0, 0, 0, 0, 0, 0, 0, 0, 0, 0, 0, 0, 0],
    &[0, 0, 0, 0, 0, 0, 0, 0, 0, 0, 0, 0, 0, 0, 0, 0, 0, 0, 0, 0, 0, 0, 0, 0, 0, 0, 0, 0, 0, 0, 0, 0, 0],
    &[0, 0, 0, 0, 0, 0, 0, 0, 0, 0, 0, 0, 0, 0, 0, 0, 0, 0, 0, 0, 0, 0, 0, 0, 0, 0, 0, 0, 0, 0, 0, 0, 0],
    &[0, 0, 0, 0, 0, 0, 0, 0, 0, 0, 0, 0, 0, 0, 0, 0, 0, 0, 0, 0, 0, 0, 0, 0, 0, 0, 0, 0, 0, 0, 0, 0, 0],
    &[0, 0, 0, 0, 0, 0, 0, 0, 0, 0, 0, 0, 0, 0, 0, 0, 0, 0, 0, 0, 0, 0, 0, 0, 0, 0, 0, 0, 0, 0, 0, 0, 0],
    &[0, 0, 0, 0, 0, 0, 0, 0, 0, 0, 0, 0, 0, 0, 0, 0, 0, 0, 0, 0, 0, 0, 0, 0, 0, 0, 0, 0, 0, 0, 0, 0, 0],
    &[0, 0, 0, 0, 0, 0, 0, 0, 0, 0, 0, 0, 0, 0, 0, 0, 0, 0, 0, 0, 0, 0, 0, 0, 0, 0, 0, 0, 0, 0, 0, 0, 0],
    &[0, 0, 0, 0, 0, 0, 0, 0, 0, 0, 0, 0, 0, 0, 0, 0, 0, 0, 0, 0, 0, 0, 0, 0, 0, 0, 0, 0, 0, 0, 0, 0, 0],
    &[0, 0, 0, 0, 0, 0, 0, 0, 0, 0, 0, 0, 0, 0, 0, 0, 0, 0, 0, 0, 0, 0, 0, 0, 0, 0, 0, 0, 0, 0, 0, 0, 0],
    &[0, 0, 0, 0, 0, 0, 0, 0, 0, 0, 0, 0, 0, 0, 0, 0, 0, 0, 0, 0, 0, 0, 0, 0, 0, 0, 0, 0, 0, 0, 0, 0, 0],
    &[0, 0, 0, 0, 0, 0, 0, 0, 0, 0, 0, 0, 0, 0, 0, 0, 0, 0, 0, 0, 0, 0, 0, 0, 0, 0, 0, 0, 0, 0, 0, 0, 0],
    &[0, 0, 0, 0, 0, 0, 0, 0, 0, 0, 0, 0, 0, 0, 0, 0, 0, 0, 0, 0, 0, 0, 0, 0, 0, 0, 0, 0, 0, 0, 0, 0, 0],
    &[0, 0, 0, 0, 0, 0, 0, 0, 0, 0, 0, 0, 0, 0, 0, 0, 0, 0, 0, 0, 0, 0, 0, 0, 0, 0, 0, 0, 0, 0, 0, 0, 0],
    &[0, 0, 0, 0, 0, 0, 0, 0, 0, 0, 0, 0, 0, 0, 0, 0, 0, 0, 0, 0, 0, 0, 0, 0, 0, 0, 0, 0, 0, 0, 0, 0, 0],
    &[0, 0, 0, 0, 0, 0, 0, 0, 0, 0, 0, 0, 0, 0, 0, 0, 0, 0, 0, 0, 0, 0, 0, 0, 0, 0, 0, 0, 0, 0, 0, 0, 0],
    &[99, 123, 123, 123, 123, 123, 123, 38, 0, 0, 0, 0, 0, 0, 0, 0, 0, 0, 0, 0, 0, 0, 0, 0, 0, 92, 123, 123, 123, 123, 123, 123, 31],
    &[178, 255, 255, 255, 255, 255, 255, 96, 0, 0, 0, 0, 0, 0, 0, 0, 0, 0, 0, 0, 0, 0, 0, 0, 0, 208, 255, 255, 255, 255, 255, 255, 39],
    &[142, 255, 255, 255, 255, 255, 255, 119, 0, 0, 0, 0, 0, 0, 0, 0, 0, 0, 0, 0, 0, 0, 0, 0, 0, 231, 255, 255, 255, 255, 255, 252, 6],
    &[106, 255, 255, 255, 255, 255, 255, 141, 0, 0, 0, 0, 0, 0, 0, 0, 0, 0, 0, 0, 0, 0, 0, 0, 1, 252, 255, 255, 255, 255, 255, 222, 0],
    &[70, 255, 255, 255, 255, 255, 255, 164, 0, 0, 0, 0, 4, 41, 41, 41, 41, 41, 41, 25, 0, 0, 0, 0, 20, 255, 255, 255, 255, 255, 255, 186, 0],
    &[34, 255, 255, 255, 255, 255, 255, 187, 0, 0, 0, 0, 58, 255, 255, 255, 255, 255, 255, 187, 0, 0, 0, 0, 43, 255, 255, 255, 255, 255, 255, 150, 0],
    &[3, 250, 255, 255, 255, 255, 255, 209, 0, 0, 0, 0, 109, 255, 255, 255, 255, 255, 255, 238, 0, 0, 0, 0, 66, 255, 255, 255, 255, 255, 255, 114, 0],
    &[0, 218, 255, 255, 255, 255, 255, 232, 0, 0, 0, 0, 160, 255, 255, 255, 255, 255, 255, 255, 33, 0, 0, 0, 88, 255, 255, 255, 255, 255, 255, 78, 0],
    &[0, 182, 255, 255, 255, 255, 255, 252, 2, 0, 0, 0, 211, 255, 255, 255, 255, 255, 255, 255, 84, 0, 0, 0, 111, 255, 255, 255, 255, 255, 255, 42, 0],
    &[0, 146, 255, 255, 255, 255, 255, 255, 22, 0, 0, 10, 252, 255, 255, 255, 255, 255, 255, 255, 135, 0, 0, 0, 134, 255, 255, 255, 255, 255, 254, 8, 0],
    &[0, 110, 255, 255, 255, 255, 255, 255, 44, 0, 0, 58, 255, 255, 255, 255, 255, 255, 255, 255, 186, 0, 0, 0, 156, 255, 255, 255, 255, 255, 226, 0, 0],
    &[0, 73, 255, 255, 255, 255, 255, 255, 67, 0, 0, 109, 255, 255, 255, 255, 255, 255, 255, 255, 237, 0, 0, 0, 179, 255, 255, 255, 255, 255, 190, 0, 0],
    &[0, 37, 255, 255, 255, 255, 255, 255, 90, 0, 0, 160, 255, 255, 255, 255, 255, 255, 255, 255, 255, 32, 0, 0, 202, 255, 255, 255, 255, 255, 154, 0, 0],
    &[0, 5, 252, 255, 255, 255, 255, 255, 112, 0, 0, 211, 255, 255, 255, 254, 176, 255, 255, 255, 255, 83, 0, 0, 224, 255, 255, 255, 255, 255, 117, 0, 0],
    &[0, 0, 221, 255, 255, 255, 255, 255, 135, 0, 10, 252, 255, 255, 255, 226, 123, 255, 255, 255, 255, 134, 0, 0, 247, 255, 255, 255, 255, 255, 81, 0, 0],
    &[0, 0, 185, 255, 255, 255, 255, 255, 158, 0, 57, 255, 255, 255, 255, 187, 84, 255, 255, 255, 255, 185, 0, 14, 255, 255, 255, 255, 255, 255, 45, 0, 0],
    &[0, 0, 149, 255, 255, 255, 255, 255, 182, 0, 107, 255, 255, 255, 255, 145, 42, 255, 255, 255, 255, 235, 0, 34, 255, 255, 255, 255, 255, 254, 10, 0, 0],
    &[0, 0, 113, 255, 255, 255, 255, 255, 207, 0, 156, 255, 255, 255, 255, 103, 5, 250, 255, 255, 255, 255, 29, 53, 255, 255, 255, 255, 255, 229, 0, 0, 0],
    &[0, 0, 77, 255, 255, 255, 255, 255, 231, 0, 200, 255, 255, 255, 255, 60, 0, 213, 255, 255, 255, 255, 75, 74, 255, 255, 255, 255, 255, 193, 0, 0, 0],
    &[0, 0, 41, 255, 255, 255, 255, 255, 252, 2, 238, 255, 255, 255, 254, 14, 0, 168, 255, 255, 255, 255, 119, 96, 255, 255, 255, 255, 255, 157, 0, 0, 0],
    &[0, 0, 7, 253, 255, 255, 255, 255, 255, 43, 255, 255, 255, 255, 222, 0, 0, 122, 255, 255, 255, 255, 162, 118, 255, 255, 255, 255, 255, 121, 0, 0, 0],
    &[0, 0, 0, 224, 255, 255, 255, 255, 255, 99, 255, 255, 255, 255, 175, 0, 0, 76, 255, 255, 255, 255, 201, 142, 255, 255, 255, 255, 255, 85, 0, 0, 0],
    &[0, 0, 0, 188, 255, 255, 255, 255, 255, 155, 255, 255, 255, 255, 128, 0, 0, 30, 255, 255, 255, 255, 239, 166, 255, 255, 255, 255, 255, 49, 0, 0, 0],
    &[0, 0, 0, 152, 255, 255, 255, 255, 255, 236, 255, 255, 255, 255, 81, 0, 0, 0, 240, 255, 255, 255, 255, 236, 255, 255, 255, 255, 255, 13, 0, 0, 0],
    &[0, 0, 0, 116, 255, 255, 255, 255, 255, 255, 255, 255, 255, 255, 34, 0, 0, 0, 194, 255, 255, 255, 255, 255, 255, 255, 255, 255, 232, 0, 0, 0, 0],
    &[0, 0, 0, 80, 255, 255, 255, 255, 255, 255, 255, 255, 255, 241, 1, 0, 0, 0, 149, 255, 255, 255, 255, 255, 255, 255, 255, 255, 196, 0, 0, 0, 0],
    &[0, 0, 0, 44, 255, 255, 255, 255, 255, 255, 255, 255, 255, 195, 0, 0, 0, 0, 103, 255, 255, 255, 255, 255, 255, 255, 255, 255, 160, 0, 0, 0, 0],
    &[0, 0, 0, 9, 254, 255, 255, 255, 255, 255, 255, 255, 255, 148, 0, 0, 0, 0, 57, 255, 255, 255, 255, 255, 255, 255, 255, 255, 124, 0, 0, 0, 0],
    &[0, 0, 0, 0, 228, 255, 255, 255, 255, 255, 255, 255, 255, 101, 0, 0, 0, 0, 12, 254, 255, 255, 255, 255, 255, 255, 255, 255, 88, 0, 0, 0, 0],
    &[0, 0, 0, 0, 192, 255, 255, 255, 255, 255, 255, 255, 255, 54, 0, 0, 0, 0, 0, 221, 255, 255, 255, 255, 255, 255, 255, 255, 52, 0, 0, 0, 0],
    &[0, 0, 0, 0, 0, 0, 0, 0, 0, 0, 0, 0, 0, 0, 0, 0, 0, 0, 0, 0, 0, 0, 0, 0, 0, 0, 0, 0, 0, 0, 0, 0, 0],
    &[0, 0, 0, 0, 0, 0, 0, 0, 0, 0, 0, 0, 0, 0, 0, 0, 0, 0, 0, 0, 0, 0, 0, 0, 0, 0, 0, 0, 0, 0, 0, 0, 0],
    &[0, 0, 0, 0, 0, 0, 0, 0, 0, 0, 0, 0, 0, 0, 0, 0, 0, 0, 0, 0, 0, 0, 0, 0, 0, 0, 0, 0, 0, 0, 0, 0, 0],
    &[0, 0, 0, 0, 0, 0, 0, 0, 0, 0, 0, 0, 0, 0, 0, 0, 0, 0, 0, 0, 0, 0, 0, 0, 0, 0, 0, 0, 0, 0, 0, 0, 0],
    &[0, 0, 0, 0, 0, 0, 0, 0, 0, 0, 0, 0, 0, 0, 0, 0, 0, 0, 0, 0, 0, 0, 0, 0, 0, 0, 0, 0, 0, 0, 0, 0, 0],
    &[0, 0, 0, 0, 0, 0, 0, 0, 0, 0, 0, 0, 0, 0, 0, 0, 0, 0, 0, 0, 0, 0, 0, 0, 0, 0, 0, 0, 0, 0, 0, 0, 0],
    &[0, 0, 0, 0, 0, 0, 0, 0, 0, 0, 0, 0, 0, 0, 0, 0, 0, 0, 0, 0, 0, 0, 0, 0, 0, 0, 0, 0, 0, 0, 0, 0, 0],
    &[0, 0, 0, 0, 0, 0, 0, 0, 0, 0, 0, 0, 0, 0, 0, 0, 0, 0, 0, 0, 0, 0, 0, 0, 0, 0, 0, 0, 0, 0, 0, 0, 0],
    &[0, 0, 0, 0, 0, 0, 0, 0, 0, 0, 0, 0, 0, 0, 0, 0, 0, 0, 0, 0, 0, 0, 0, 0, 0, 0, 0, 0, 0, 0, 0, 0, 0],
    &[0, 0, 0, 0, 0, 0, 0, 0, 0, 0, 0, 0, 0, 0, 0, 0, 0, 0, 0, 0, 0, 0, 0, 0, 0, 0, 0, 0, 0, 0, 0, 0, 0],
    &[0, 0, 0, 0, 0, 0, 0, 0, 0, 0, 0, 0, 0, 0, 0, 0, 0, 0, 0, 0, 0, 0, 0, 0, 0, 0, 0, 0, 0, 0, 0, 0, 0],
    &[0, 0, 0, 0, 0, 0, 0, 0, 0, 0, 0, 0, 0, 0, 0, 0, 0, 0, 0, 0, 0, 0, 0, 0, 0, 0, 0, 0, 0, 0, 0, 0, 0],
    &[0, 0, 0, 0, 0, 0, 0, 0, 0, 0, 0, 0, 0, 0, 0, 0, 0, 0, 0, 0, 0, 0, 0, 0, 0, 0, 0, 0, 0, 0, 0, 0, 0],
    &[0, 0, 0, 0, 0, 0, 0, 0, 0, 0, 0, 0, 0, 0, 0, 0, 0, 0, 0, 0, 0, 0, 0, 0, 0, 0, 0, 0, 0, 0, 0, 0, 0],
]