&[
    &[0, 0, 0, 0, 0, 0, 0, 0, 0, 0, 0, 0, 0],
    &[0, 0, 0, 0, 0, 0, 0, 0, 0, 0, 0, 0, 0],
    &[0, 0, 0, 0, 0, 0, 0, 0, 0, 0, 0, 0, 0],
    &[0, 0, 0, 0, 0, 0, 0, 0, 0, 0, 0, 0, 0],
    &[0, 0, 0, 0, 0, 112, 245, 18, 0, 0, 0, 0, 0],
    &[0, 0, 0, 0, 0, 116, 255, 19, 0, 0, 0, 0, 0],
    &[0, 0, 0, 0, 0, 116, 255, 19, 0, 0, 0, 0, 0],
    &[0, 0, 0, 0, 0, 116, 255, 19, 0, 0, 0, 0, 0],
    &[0, 0, 0, 0, 0, 116, 255, 19, 0, 0, 0, 0, 0],
    &[0, 0, 0, 0, 0, 116, 255, 19, 0, 0, 0, 0, 0],
    &[0, 0, 0, 0, 0, 116, 255, 19, 0, 0, 0, 0, 0],
    &[0, 0, 0, 0, 0, 116, 255, 19, 0, 0, 0, 0, 0],
    &[0, 0, 0, 0, 0, 116, 255, 19, 0, 0, 0, 0, 0],
    &[0, 0, 0, 0, 0, 116, 255, 19, 0, 0, 0, 0, 0],
    &[0, 0, 0, 0, 0, 116, 255, 19, 0, 0, 0, 0, 0],
    &[0, 0, 0, 0, 0, 116, 255, 19, 0, 0, 0, 0, 0],
    &[0, 0, 0, 0, 0, 116, 255, 19, 0, 0, 0, 0, 0],
    &[0, 0, 0, 0, 0, 116, 255, 19, 0, 0, 0, 0, 0],
    &[0, 0, 0, 0, 0, 116, 255, 19, 0, 0, 0, 0, 0],
    &[0, 0, 0, 0, 0, 116, 255, 19, 0, 0, 0, 0, 0],
    &[0, 0, 0, 0, 0, 116, 255, 19, 0, 0, 0, 0, 0],
    &[0, 0, 0, 0, 0, 116, 255, 19, 0, 0, 0, 0, 0],
    &[0, 0, 0, 0, 0, 116, 255, 19, 0, 0, 0, 0, 0],
    &[0, 0, 0, 0, 0, 4, 10, 0, 0, 0, 0, 0, 0],
]