&[
    &[0, 0, 0, 0, 0, 0, 0, 0, 0],
    &[0, 0, 0, 0, 0, 0, 0, 0, 0],
    &[0, 1, 5, 0, 0, 0, 0, 0, 0],
    &[0, 20, 255, 224, 80, 0, 0, 0, 0],
    &[0, 9, 154, 254, 211, 0, 0, 0, 0],
    &[0, 0, 0, 224, 230, 0, 0, 0, 0],
    &[0, 0, 0, 221, 230, 0, 0, 0, 0],
    &[0, 0, 0, 216, 246, 11, 0, 0, 0],
    &[0, 0, 0, 120, 251, 221, 84, 0, 0],
    &[0, 0, 0, 77, 224, 252, 111, 0, 0],
    &[0, 0, 0, 209, 251, 36, 0, 0, 0],
    &[0, 0, 0, 221, 230, 0, 0, 0, 0],
    &[0, 0, 0, 222, 230, 0, 0, 0, 0],
    &[0, 4, 92, 251, 220, 0, 0, 0, 0],
    &[0, 20, 255, 254, 120, 0, 0, 0, 0],
    &[0, 5, 60, 24, 0, 0, 0, 0, 0],
]