&[
    &[0, 0, 0, 0, 0, 0, 0, 0, 0, 0, 0, 0, 0],
    &[0, 0, 0, 0, 0, 0, 0, 0, 0, 0, 0, 0, 0],
    &[0, 0, 0, 0, 0, 0, 0, 0, 0, 0, 0, 0, 0],
    &[0, 0, 0, 0, 0, 0, 0, 0, 0, 0, 0, 0, 0],
    &[0, 0, 0, 0, 0, 0, 37, 50, 0, 0, 0, 0, 0],
    &[0, 0, 0, 0, 0, 0, 184, 245, 0, 0, 0, 0, 0],
    &[0, 0, 0, 0, 16, 85, 218, 251, 131, 95, 23, 0, 0],
    &[0, 0, 0, 108, 241, 255, 255, 255, 255, 255, 241, 6, 0],
    &[0, 0, 102, 255, 255, 255, 243, 218, 241, 255, 166, 0, 0],
    &[0, 7, 238, 255, 255, 116, 6, 0, 0, 46, 41, 0, 0],
    &[0, 71, 255, 255, 182, 0, 0, 0, 0, 0, 0, 0, 0],
    &[0, 111, 255, 255, 114, 0, 0, 0, 0, 0, 0, 0, 0],
    &[0, 128, 255, 255, 99, 0, 0, 0, 0, 0, 0, 0, 0],
    &[0, 106, 255, 255, 126, 0, 0, 0, 0, 0, 0, 0, 0],
    &[0, 54, 255, 255, 215, 6, 0, 0, 0, 0, 0, 0, 0],
    &[0, 1, 215, 255, 255, 193, 78, 47, 71, 120, 174, 0, 0],
    &[0, 0, 59, 245, 255, 255, 255, 255, 255, 255, 213, 0, 0],
    &[0, 0, 0, 49, 184, 252, 255, 255, 255, 244, 140, 0, 0],
    &[0, 0, 0, 0, 0, 11, 196, 248, 42, 5, 0, 0, 0],
    &[0, 0, 0, 0, 0, 0, 184, 245, 0, 0, 0, 0, 0],
    &[0, 0, 0, 0, 0, 0, 38, 51, 0, 0, 0, 0, 0],
    &[0, 0, 0, 0, 0, 0, 0, 0, 0, 0, 0, 0, 0],
    &[0, 0, 0, 0, 0, 0, 0, 0, 0, 0, 0, 0, 0],
    &[0, 0, 0, 0, 0, 0, 0, 0, 0, 0, 0, 0, 0],
]