&[
    &[0, 0, 0, 0, 0, 0, 0, 0, 0, 0, 0, 0, 0],
    &[0, 0, 0, 0, 0, 0, 0, 0, 0, 0, 0, 0, 0],
    &[0, 0, 0, 0, 0, 0, 0, 0, 0, 0, 0, 0, 0],
    &[0, 0, 0, 0, 0, 0, 0, 0, 0, 0, 0, 0, 0],
    &[0, 0, 0, 0, 0, 0, 0, 27, 27, 1, 0, 0, 0],
    &[0, 0, 0, 0, 0, 87, 232, 242, 238, 242, 139, 0, 0],
    &[0, 0, 0, 0, 64, 248, 77, 0, 0, 37, 94, 0, 0],
    &[0, 0, 0, 0, 164, 159, 0, 0, 0, 0, 0, 0, 0],
    &[0, 0, 0, 0, 202, 113, 0, 0, 0, 0, 0, 0, 0],
    &[0, 0, 0, 0, 210, 96, 0, 0, 0, 0, 0, 0, 0],
    &[0, 0, 0, 0, 210, 96, 0, 0, 0, 0, 0, 0, 0],
    &[0, 0, 0, 0, 210, 96, 0, 0, 0, 0, 0, 0, 0],
    &[0, 0, 187, 213, 248, 229, 213, 213, 213, 24, 0, 0, 0],
    &[0, 0, 25, 28, 215, 114, 28, 28, 28, 3, 0, 0, 0],
    &[0, 0, 0, 0, 210, 96, 0, 0, 0, 0, 0, 0, 0],
    &[0, 0, 0, 0, 210, 95, 0, 0, 0, 0, 0, 0, 0],
    &[0, 0, 0, 0, 227, 71, 0, 0, 0, 0, 0, 0, 0],
    &[0, 0, 0, 52, 240, 16, 0, 0, 0, 0, 0, 0, 0],
    &[0, 1, 72, 219, 113, 28, 28, 28, 28, 28, 28, 4, 0],
    &[0, 22, 255, 255, 255, 255, 255, 255, 255, 255, 255, 44, 0],
    &[0, 0, 0, 0, 0, 0, 0, 0, 0, 0, 0, 0, 0],
    &[0, 0, 0, 0, 0, 0, 0, 0, 0, 0, 0, 0, 0],
    &[0, 0, 0, 0, 0, 0, 0, 0, 0, 0, 0, 0, 0],
    &[0, 0, 0, 0, 0, 0, 0, 0, 0, 0, 0, 0, 0],
]