&[
    &[0, 0, 0, 0, 0, 0, 0, 0, 0, 0, 0, 0, 0, 0, 0, 0, 0, 0, 0, 0, 0, 0, 0, 0, 0, 0, 0, 0, 0, 0, 0, 0, 0],
    &[0, 0, 0, 0, 0, 0, 0, 0, 0, 0, 0, 0, 0, 0, 0, 0, 0, 0, 0, 0, 0, 0, 0, 0, 0, 0, 0, 0, 0, 0, 0, 0, 0],
    &[0, 0, 0, 0, 0, 0, 0, 0, 0, 0, 0, 0, 0, 0, 0, 0, 0, 0, 0, 0, 0, 0, 0, 0, 0, 0, 0, 0, 0, 0, 0, 0, 0],
    &[0, 0, 0, 0, 0, 0, 0, 0, 0, 0, 0, 0, 0, 0, 0, 0, 0, 0, 0, 0, 0, 0, 0, 0, 0, 0, 0, 0, 0, 0, 0, 0, 0],
    &[0, 0, 0, 0, 0, 0, 0, 0, 0, 0, 0, 0, 0, 0, 0, 0, 0, 0, 0, 0, 0, 0, 0, 0, 0, 0, 0, 0, 0, 0, 0, 0, 0],
    &[0, 0, 0, 0, 0, 0, 0, 0, 0, 0, 0, 0, 0, 0, 0, 0, 0, 0, 0, 0, 0, 0, 0, 0, 0, 0, 0, 0, 0, 0, 0, 0, 0],
    &[0, 0, 0, 0, 0, 0, 0, 0, 0, 0, 0, 0, 0, 0, 0, 0, 0, 0, 0, 0, 0, 0, 0, 0, 0, 0, 0, 0, 0, 0, 0, 0, 0],
    &[0, 0, 0, 0, 0, 0, 0, 0, 0, 0, 0, 0, 0, 0, 0, 0, 0, 0, 0, 0, 0, 0, 0, 0, 0, 0, 0, 0, 0, 0, 0, 0, 0],
    &[0, 0, 0, 0, 0, 0, 0, 0, 0, 0, 0, 0, 0, 4, 40, 59, 73, 70, 56, 38, 3, 0, 0, 0, 0, 0, 0, 0, 0, 0, 0, 0, 0],
    &[0, 0, 0, 0, 0, 0, 0, 0, 0, 0, 31, 122, 203, 248, 255, 255, 255, 255, 255, 255, 248, 206, 143, 70, 6, 0, 0, 0, 0, 0, 0, 0, 0],
    &[0, 0, 0, 0, 0, 0, 0, 0, 15, 147, 250, 255, 255, 255, 255, 255, 255, 255, 255, 255, 255, 255, 255, 255, 238, 149, 37, 0, 0, 0, 0, 0, 0],
    &[0, 0, 0, 0, 0, 0, 0, 33, 214, 255, 255, 255, 255, 255, 255, 255, 255, 255, 255, 255, 255, 255, 255, 255, 255, 255, 50, 0, 0, 0, 0, 0, 0],
    &[0, 0, 0, 0, 0, 0, 9, 211, 255, 255, 255, 255, 255, 255, 255, 255, 255, 255, 255, 255, 255, 255, 255, 255, 255, 190, 0, 0, 0, 0, 0, 0, 0],
    &[0, 0, 0, 0, 0, 0, 117, 255, 255, 255, 255, 255, 255, 255, 251, 202, 178, 179, 202, 246, 255, 255, 255, 255, 255, 74, 0, 0, 0, 0, 0, 0, 0],
    &[0, 0, 0, 0, 0, 0, 210, 255, 255, 255, 255, 255, 255, 173, 22, 0, 0, 0, 0, 6, 62, 153, 240, 255, 213, 1, 0, 0, 0, 0, 0, 0, 0],
    &[0, 0, 0, 0, 0, 1, 249, 255, 255, 255, 255, 255, 250, 10, 0, 0, 0, 0, 0, 0, 0, 0, 13, 118, 86, 0, 0, 0, 0, 0, 0, 0, 0],
    &[0, 0, 0, 0, 0, 5, 253, 255, 255, 255, 255, 255, 242, 8, 0, 0, 0, 0, 0, 0, 0, 0, 0, 0, 0, 0, 0, 0, 0, 0, 0, 0, 0],
    &[0, 0, 0, 0, 0, 0, 226, 255, 255, 255, 255, 255, 255, 100, 0, 0, 0, 0, 0, 0, 0, 0, 0, 0, 0, 0, 0, 0, 0, 0, 0, 0, 0],
    &[0, 0, 0, 0, 0, 0, 153, 255, 255, 255, 255, 255, 255, 253, 134, 5, 0, 0, 0, 0, 0, 0, 0, 0, 0, 0, 0, 0, 0, 0, 0, 0, 0],
    &[0, 0, 0, 0, 0, 0, 38, 249, 255, 255, 255, 255, 255, 255, 255, 223, 111, 12, 0, 0, 0, 0, 0, 0, 0, 0, 0, 0, 0, 0, 0, 0, 0],
    &[0, 0, 0, 0, 0, 0, 0, 96, 255, 255, 255, 255, 255, 255, 255, 255, 255, 239, 137, 30, 0, 0, 0, 0, 0, 0, 0, 0, 0, 0, 0, 0, 0],
    &[0, 0, 0, 0, 0, 0, 0, 0, 103, 249, 255, 255, 255, 255, 255, 255, 255, 255, 255, 251, 169, 40, 0, 0, 0, 0, 0, 0, 0, 0, 0, 0, 0],
    &[0, 0, 0, 0, 0, 0, 0, 0, 0, 147, 255, 255, 255, 255, 255, 255, 255, 255, 255, 255, 255, 251, 145, 12, 0, 0, 0, 0, 0, 0, 0, 0, 0],
    &[0, 0, 0, 0, 0, 0, 0, 9, 174, 255, 255, 255, 255, 255, 255, 255, 255, 255, 255, 255, 255, 255, 255, 212, 36, 0, 0, 0, 0, 0, 0, 0, 0],
    &[0, 0, 0, 0, 0, 0, 2, 174, 255, 255, 255, 255, 255, 255, 220, 255, 255, 255, 255, 255, 255, 255, 255, 255, 233, 29, 0, 0, 0, 0, 0, 0, 0],
    &[0, 0, 0, 0, 0, 0, 103, 255, 255, 255, 255, 255, 247, 100, 0, 46, 152, 250, 255, 255, 255, 255, 255, 255, 255, 203, 1, 0, 0, 0, 0, 0, 0],
    &[0, 0, 0, 0, 0, 3, 221, 255, 255, 255, 255, 255, 116, 0, 0, 0, 0, 34, 187, 255, 255, 255, 255, 255, 255, 255, 75, 0, 0, 0, 0, 0, 0],
    &[0, 0, 0, 0, 0, 42, 255, 255, 255, 255, 255, 255, 34, 0, 0, 0, 0, 0, 2, 160, 255, 255, 255, 255, 255, 255, 166, 0, 0, 0, 0, 0, 0],
    &[0, 0, 0, 0, 0, 76, 255, 255, 255, 255, 255, 255, 41, 0, 0, 0, 0, 0, 0, 10, 247, 255, 255, 255, 255, 255, 201, 0, 0, 0, 0, 0, 0],
    &[0, 0, 0, 0, 0, 86, 255, 255, 255, 255, 255, 255, 121, 0, 0, 0, 0, 0, 0, 0, 189, 255, 255, 255, 255, 255, 220, 0, 0, 0, 0, 0, 0],
    &[0, 0, 0, 0, 0, 55, 255, 255, 255, 255, 255, 255, 243, 70, 0, 0, 0, 0, 0, 0, 164, 255, 255, 255, 255, 255, 193, 0, 0, 0, 0, 0, 0],
    &[0, 0, 0, 0, 0, 8, 236, 255, 255, 255, 255, 255, 255, 250, 107, 4, 0, 0, 0, 2, 221, 255, 255, 255, 255, 255, 150, 0, 0, 0, 0, 0, 0],
    &[0, 0, 0, 0, 0, 0, 129, 255, 255, 255, 255, 255, 255, 255, 255, 218, 87, 1, 0, 120, 255, 255, 255, 255, 255, 255, 49, 0, 0, 0, 0, 0, 0],
    &[0, 0, 0, 0, 0, 0, 5, 190, 255, 255, 255, 255, 255, 255, 255, 255, 255, 211, 141, 254, 255, 255, 255, 255, 255, 167, 0, 0, 0, 0, 0, 0, 0],
    &[0, 0, 0, 0, 0, 0, 0, 14, 174, 255, 255, 255, 255, 255, 255, 255, 255, 255, 255, 255, 255, 255, 255, 255, 206, 11, 0, 0, 0, 0, 0, 0, 0],
    &[0, 0, 0, 0, 0, 0, 0, 0, 0, 107, 238, 255, 255, 255, 255, 255, 255, 255, 255, 255, 255, 255, 255, 175, 12, 0, 0, 0, 0, 0, 0, 0, 0],
    &[0, 0, 0, 0, 0, 0, 0, 0, 0, 0, 18, 144, 246, 255, 255, 255, 255, 255, 255, 255, 255, 255, 255, 189, 17, 0, 0, 0, 0, 0, 0, 0, 0],
    &[0, 0, 0, 0, 0, 0, 0, 0, 0, 0, 0, 0, 22, 133, 239, 255, 255, 255, 255, 255, 255, 255, 255, 255, 210, 10, 0, 0, 0, 0, 0, 0, 0],
    &[0, 0, 0, 0, 0, 0, 0, 0, 0, 0, 0, 0, 0, 0, 14, 121, 234, 255, 255, 255, 255, 255, 255, 255, 255, 154, 0, 0, 0, 0, 0, 0, 0],
    &[0, 0, 0, 0, 0, 0, 0, 0, 0, 0, 0, 0, 0, 0, 0, 0, 10, 116, 250, 255, 255, 255, 255, 255, 255, 251, 25, 0, 0, 0, 0, 0, 0],
    &[0, 0, 0, 0, 0, 0, 0, 0, 0, 0, 0, 0, 0, 0, 0, 0, 0, 0, 67, 242, 255, 255, 255, 255, 255, 255, 106, 0, 0, 0, 0, 0, 0],
    &[0, 0, 0, 0, 0, 0, 0, 0, 0, 0, 0, 0, 0, 0, 0, 0, 0, 0, 0, 152, 255, 255, 255, 255, 255, 255, 140, 0, 0, 0, 0, 0, 0],
    &[0, 0, 0, 0, 0, 1, 0, 0, 0, 0, 0, 0, 0, 0, 0, 0, 0, 0, 0, 103, 255, 255, 255, 255, 255, 255, 148, 0, 0, 0, 0, 0, 0],
    &[0, 0, 0, 0, 0, 107, 167, 53, 0, 0, 0, 0, 0, 0, 0, 0, 0, 0, 0, 153, 255, 255, 255, 255, 255, 255, 120, 0, 0, 0, 0, 0, 0],
    &[0, 0, 0, 0, 0, 112, 255, 255, 199, 118, 42, 0, 0, 0, 0, 0, 0, 1, 93, 253, 255, 255, 255, 255, 255, 255, 57, 0, 0, 0, 0, 0, 0],
    &[0, 0, 0, 0, 0, 112, 255, 255, 255, 255, 255, 222, 178, 148, 119, 126, 151, 216, 255, 255, 255, 255, 255, 255, 255, 212, 0, 0, 0, 0, 0, 0, 0],
    &[0, 0, 0, 0, 0, 112, 255, 255, 255, 255, 255, 255, 255, 255, 255, 255, 255, 255, 255, 255, 255, 255, 255, 255, 252, 55, 0, 0, 0, 0, 0, 0, 0],
    &[0, 0, 0, 0, 0, 112, 255, 255, 255, 255, 255, 255, 255, 255, 255, 255, 255, 255, 255, 255, 255, 255, 255, 249, 86, 0, 0, 0, 0, 0, 0, 0, 0],
    &[0, 0, 0, 0, 0, 59, 217, 255, 255, 255, 255, 255, 255, 255, 255, 255, 255, 255, 255, 255, 255, 255, 208, 57, 0, 0, 0, 0, 0, 0, 0, 0, 0],
    &[0, 0, 0, 0, 0, 0, 2, 76, 159, 234, 255, 255, 255, 255, 255, 255, 255, 255, 255, 250, 181, 87, 3, 0, 0, 0, 0, 0, 0, 0, 0, 0, 0],
    &[0, 0, 0, 0, 0, 0, 0, 0, 0, 1, 32, 74, 107, 120, 132, 129, 115, 96, 52, 8, 0, 0, 0, 0, 0, 0, 0, 0, 0, 0, 0, 0, 0],
    &[0, 0, 0, 0, 0, 0, 0, 0, 0, 0, 0, 0, 0, 0, 0, 0, 0, 0, 0, 0, 0, 0, 0, 0, 0, 0, 0, 0, 0, 0, 0, 0, 0],
    &[0, 0, 0, 0, 0, 0, 0, 0, 0, 0, 0, 0, 0, 0, 0, 0, 0, 0, 0, 0, 0, 0, 0, 0, 0, 0, 0, 0, 0, 0, 0, 0, 0],
    &[0, 0, 0, 0, 0, 0, 0, 0, 0, 0, 0, 0, 0, 0, 0, 0, 0, 0, 0, 0, 0, 0, 0, 0, 0, 0, 0, 0, 0, 0, 0, 0, 0],
    &[0, 0, 0, 0, 0, 0, 0, 0, 0, 0, 0, 0, 0, 0, 0, 0, 0, 0, 0, 0, 0, 0, 0, 0, 0, 0, 0, 0, 0, 0, 0, 0, 0],
    &[0, 0, 0, 0, 0, 0, 0, 0, 0, 0, 0, 0, 0, 0, 0, 0, 0, 0, 0, 0, 0, 0, 0, 0, 0, 0, 0, 0, 0, 0, 0, 0, 0],
    &[0, 0, 0, 0, 0, 0, 0, 0, 0, 0, 0, 0, 0, 0, 0, 0, 0, 0, 0, 0, 0, 0, 0, 0, 0, 0, 0, 0, 0, 0, 0, 0, 0],
    &[0, 0, 0, 0, 0, 0, 0, 0, 0, 0, 0, 0, 0, 0, 0, 0, 0, 0, 0, 0, 0, 0, 0, 0, 0, 0, 0, 0, 0, 0, 0, 0, 0],
    &[0, 0, 0, 0, 0, 0, 0, 0, 0, 0, 0, 0, 0, 0, 0, 0, 0, 0, 0, 0, 0, 0, 0, 0, 0, 0, 0, 0, 0, 0, 0, 0, 0],
    &[0, 0, 0, 0, 0, 0, 0, 0, 0, 0, 0, 0, 0, 0, 0, 0, 0, 0, 0, 0, 0, 0, 0, 0, 0, 0, 0, 0, 0, 0, 0, 0, 0],
    &[0, 0, 0, 0, 0, 0, 0, 0, 0, 0, 0, 0, 0, 0, 0, 0, 0, 0, 0, 0, 0, 0, 0, 0, 0, 0, 0, 0, 0, 0, 0, 0, 0],
    &[0, 0, 0, 0, 0, 0, 0, 0, 0, 0, 0, 0, 0, 0, 0, 0, 0, 0, 0, 0, 0, 0, 0, 0, 0, 0, 0, 0, 0, 0, 0, 0, 0],
    &[0, 0, 0, 0, 0, 0, 0, 0, 0, 0, 0, 0, 0, 0, 0, 0, 0, 0, 0, 0, 0, 0, 0, 0, 0, 0, 0, 0, 0, 0, 0, 0, 0],
    &[0, 0, 0, 0, 0, 0, 0, 0, 0, 0, 0, 0, 0, 0, 0, 0, 0, 0, 0, 0, 0, 0, 0, 0, 0, 0, 0, 0, 0, 0, 0, 0, 0],
]