&[
    &[0, 0, 0, 0, 0, 0, 0, 0, 0, 0, 0, 0, 0, 0, 0, 0, 0, 0, 0, 0, 0, 0, 0, 0, 0, 0, 0, 0, 0, 0, 0, 0, 0],
    &[0, 0, 0, 0, 0, 0, 0, 0, 0, 0, 0, 0, 0, 0, 0, 0, 0, 0, 0, 0, 0, 0, 0, 0, 0, 0, 0, 0, 0, 0, 0, 0, 0],
    &[0, 0, 0, 0, 0, 0, 0, 0, 0, 0, 0, 0, 0, 0, 0, 0, 0, 0, 0, 0, 0, 0, 0, 0, 0, 0, 0, 0, 0, 0, 0, 0, 0],
    &[0, 0, 0, 0, 0, 0, 0, 0, 0, 0, 0, 0, 0, 0, 0, 0, 0, 0, 0, 0, 0, 0, 0, 0, 0, 0, 0, 0, 0, 0, 0, 0, 0],
    &[0, 0, 0, 0, 0, 0, 0, 0, 0, 0, 0, 0, 0, 0, 0, 0, 0, 0, 0, 0, 0, 0, 0, 0, 0, 0, 0, 0, 0, 0, 0, 0, 0],
    &[0, 0, 0, 0, 0, 0, 0, 0, 0, 0, 0, 0, 0, 0, 0, 0, 0, 0, 0, 0, 0, 0, 0, 0, 0, 0, 0, 0, 0, 0, 0, 0, 0],
    &[0, 0, 0, 0, 0, 0, 0, 0, 0, 0, 0, 0, 0, 0, 0, 0, 0, 0, 0, 0, 0, 0, 0, 0, 0, 0, 0, 0, 0, 0, 0, 0, 0],
    &[0, 0, 0, 0, 0, 0, 0, 0, 0, 0, 0, 0, 0, 0, 0, 0, 0, 0, 0, 0, 0, 0, 0, 0, 0, 0, 0, 0, 0, 0, 0, 0, 0],
    &[0, 0, 0, 0, 0, 0, 0, 0, 0, 0, 0, 0, 0, 0, 0, 0, 0, 0, 0, 0, 0, 0, 0, 0, 0, 0, 0, 0, 0, 0, 0, 0, 0],
    &[0, 0, 0, 0, 0, 0, 0, 0, 0, 0, 0, 0, 0, 0, 0, 0, 0, 0, 0, 0, 0, 0, 0, 0, 0, 0, 0, 0, 0, 0, 0, 0, 0],
    &[0, 0, 0, 0, 0, 0, 0, 0, 0, 0, 0, 0, 0, 0, 0, 0, 0, 0, 0, 0, 0, 0, 0, 0, 0, 0, 0, 0, 0, 0, 0, 0, 0],
    &[0, 0, 0, 0, 0, 0, 0, 0, 0, 0, 0, 0, 0, 0, 0, 0, 0, 0, 0, 0, 0, 0, 0, 0, 0, 0, 0, 0, 0, 0, 0, 0, 0],
    &[0, 0, 0, 0, 0, 0, 0, 0, 0, 0, 0, 0, 0, 0, 0, 0, 0, 0, 0, 0, 0, 0, 0, 0, 0, 0, 0, 0, 0, 0, 0, 0, 0],
    &[0, 0, 0, 0, 0, 0, 0, 0, 0, 0, 0, 0, 0, 0, 0, 0, 0, 0, 0, 0, 0, 0, 0, 0, 0, 0, 0, 0, 0, 0, 0, 0, 0],
    &[0, 0, 0, 0, 0, 0, 0, 0, 0, 0, 0, 0, 0, 0, 0, 0, 0, 0, 0, 0, 0, 0, 0, 0, 0, 0, 0, 0, 0, 0, 0, 0, 0],
    &[0, 0, 0, 0, 0, 0, 0, 0, 0, 0, 0, 0, 0, 0, 0, 0, 0, 0, 0, 0, 0, 0, 0, 0, 0, 0, 0, 0, 0, 0, 0, 0, 0],
    &[0, 0, 0, 0, 0, 0, 0, 0, 0, 0, 0, 4, 49, 95, 126, 140, 145, 131, 112, 68, 19, 0, 0, 0, 0, 0, 0, 0, 0, 0, 0, 0, 0],
    &[0, 0, 0, 0, 0, 0, 0, 0, 0, 50, 157, 236, 255, 255, 255, 255, 255, 255, 255, 255, 253, 194, 101, 6, 0, 0, 0, 0, 0, 0, 0, 0, 0],
    &[0, 0, 0, 0, 0, 0, 0, 29, 177, 255, 255, 255, 255, 255, 255, 255, 255, 255, 255, 255, 255, 255, 255, 226, 84, 0, 0, 0, 0, 0, 0, 0, 0],
    &[0, 0, 0, 0, 0, 0, 84, 241, 255, 255, 255, 255, 255, 255, 255, 246, 245, 255, 255, 255, 255, 255, 255, 255, 255, 159, 6, 0, 0, 0, 0, 0, 0],
    &[0, 0, 0, 0, 0, 107, 253, 255, 255, 255, 255, 215, 122, 54, 10, 0, 0, 17, 46, 97, 195, 255, 255, 255, 255, 255, 187, 9, 0, 0, 0, 0, 0],
    &[0, 0, 0, 0, 83, 254, 255, 255, 255, 244, 96, 2, 0, 0, 0, 6, 26, 14, 0, 0, 0, 40, 196, 255, 255, 255, 255, 169, 1, 0, 0, 0, 0],
    &[0, 0, 0, 30, 243, 255, 255, 255, 226, 48, 0, 0, 33, 146, 219, 255, 255, 255, 240, 198, 110, 21, 4, 137, 255, 255, 255, 255, 107, 0, 0, 0, 0],
    &[0, 0, 0, 178, 255, 255, 255, 235, 27, 0, 0, 117, 249, 255, 255, 255, 255, 255, 255, 255, 255, 207, 0, 0, 143, 255, 255, 255, 241, 24, 0, 0, 0],
    &[0, 0, 49, 255, 255, 255, 255, 85, 0, 0, 127, 255, 255, 255, 255, 255, 255, 255, 255, 255, 255, 114, 0, 0, 5, 200, 255, 255, 255, 137, 0, 0, 0],
    &[0, 0, 159, 255, 255, 255, 176, 0, 0, 60, 253, 255, 255, 255, 255, 195, 137, 128, 168, 241, 250, 22, 0, 0, 0, 50, 255, 255, 255, 240, 8, 0, 0],
    &[0, 3, 237, 255, 255, 255, 72, 0, 0, 186, 255, 255, 255, 251, 103, 0, 0, 0, 0, 13, 75, 0, 0, 0, 0, 0, 207, 255, 255, 255, 75, 0, 0],
    &[0, 52, 255, 255, 255, 233, 3, 0, 30, 255, 255, 255, 255, 150, 0, 0, 0, 0, 0, 0, 0, 0, 0, 0, 0, 0, 108, 255, 255, 255, 145, 0, 0],
    &[0, 97, 255, 255, 255, 164, 0, 0, 90, 255, 255, 255, 254, 33, 0, 0, 0, 0, 0, 0, 0, 0, 0, 0, 0, 0, 56, 255, 255, 255, 191, 0, 0],
    &[0, 129, 255, 255, 255, 134, 0, 0, 132, 255, 255, 255, 230, 0, 0, 0, 0, 0, 0, 0, 0, 0, 0, 0, 0, 0, 28, 255, 255, 255, 228, 0, 0],
    &[0, 143, 255, 255, 255, 106, 0, 0, 149, 255, 255, 255, 200, 0, 0, 0, 0, 0, 0, 0, 0, 0, 0, 0, 0, 0, 3, 252, 255, 255, 243, 0, 0],
    &[0, 146, 255, 255, 255, 98, 0, 0, 154, 255, 255, 255, 184, 0, 0, 0, 0, 0, 0, 0, 0, 0, 0, 0, 0, 0, 3, 252, 255, 255, 250, 0, 0],
    &[0, 132, 255, 255, 255, 125, 0, 0, 137, 255, 255, 255, 210, 0, 0, 0, 0, 0, 0, 0, 0, 0, 0, 0, 0, 0, 28, 255, 255, 255, 237, 0, 0],
    &[0, 104, 255, 255, 255, 153, 0, 0, 105, 255, 255, 255, 241, 4, 0, 0, 0, 0, 0, 0, 0, 0, 0, 0, 0, 0, 56, 255, 255, 255, 217, 0, 0],
    &[0, 60, 255, 255, 255, 206, 0, 0, 47, 255, 255, 255, 255, 92, 0, 0, 0, 0, 0, 0, 0, 0, 0, 0, 0, 0, 109, 255, 255, 255, 174, 0, 0],
    &[0, 8, 245, 255, 255, 255, 41, 0, 1, 214, 255, 255, 255, 223, 42, 0, 0, 0, 0, 0, 9, 17, 0, 0, 0, 0, 204, 255, 255, 255, 120, 0, 0],
    &[0, 0, 176, 255, 255, 255, 134, 0, 0, 95, 255, 255, 255, 255, 245, 155, 111, 99, 128, 175, 245, 84, 0, 0, 0, 44, 255, 255, 255, 255, 40, 0, 0],
    &[0, 0, 74, 255, 255, 255, 246, 38, 0, 0, 176, 255, 255, 255, 255, 255, 255, 255, 255, 255, 255, 84, 0, 0, 2, 190, 255, 255, 255, 200, 0, 0, 0],
    &[0, 0, 1, 211, 255, 255, 255, 199, 3, 0, 8, 173, 255, 255, 255, 255, 255, 255, 255, 255, 255, 84, 0, 0, 121, 255, 255, 255, 255, 77, 0, 0, 0],
    &[0, 0, 0, 66, 255, 255, 255, 255, 170, 9, 0, 0, 78, 191, 250, 255, 255, 255, 255, 232, 149, 30, 0, 101, 251, 255, 255, 255, 180, 0, 0, 0, 0],
    &[0, 0, 0, 0, 144, 255, 255, 255, 255, 204, 31, 0, 0, 0, 12, 45, 64, 51, 23, 1, 0, 9, 157, 255, 255, 255, 255, 230, 25, 0, 0, 0, 0],
    &[0, 0, 0, 0, 4, 182, 255, 255, 255, 255, 251, 169, 60, 1, 0, 0, 0, 0, 0, 41, 142, 237, 255, 255, 255, 255, 240, 47, 0, 0, 0, 0, 0],
    &[0, 0, 0, 0, 0, 6, 169, 255, 255, 255, 255, 255, 255, 248, 219, 189, 183, 212, 242, 255, 255, 255, 255, 255, 255, 223, 42, 0, 0, 0, 0, 0, 0],
    &[0, 0, 0, 0, 0, 0, 0, 106, 243, 255, 255, 255, 255, 255, 255, 255, 255, 255, 255, 255, 255, 255, 255, 254, 154, 16, 0, 0, 0, 0, 0, 0, 0],
    &[0, 0, 0, 0, 0, 0, 0, 0, 22, 141, 235, 255, 255, 255, 255, 255, 255, 255, 255, 255, 255, 246, 162, 45, 0, 0, 0, 0, 0, 0, 0, 0, 0],
    &[0, 0, 0, 0, 0, 0, 0, 0, 0, 0, 4, 67, 122, 168, 192, 207, 209, 196, 173, 130, 77, 9, 0, 0, 0, 0, 0, 0, 0, 0, 0, 0, 0],
    &[0, 0, 0, 0, 0, 0, 0, 0, 0, 0, 0, 0, 0, 0, 0, 0, 0, 0, 0, 0, 0, 0, 0, 0, 0, 0, 0, 0, 0, 0, 0, 0, 0],
    &[0, 0, 0, 0, 0, 0, 0, 0, 0, 0, 0, 0, 0, 0, 0, 0, 0, 0, 0, 0, 0, 0, 0, 0, 0, 0, 0, 0, 0, 0, 0, 0, 0],
    &[0, 0, 0, 0, 0, 0, 0, 0, 0, 0, 0, 0, 0, 0, 0, 0, 0, 0, 0, 0, 0, 0, 0, 0, 0, 0, 0, 0, 0, 0, 0, 0, 0],
    &[0, 0, 0, 0, 0, 0, 0, 0, 0, 0, 0, 0, 0, 0, 0, 0, 0, 0, 0, 0, 0, 0, 0, 0, 0, 0, 0, 0, 0, 0, 0, 0, 0],
    &[0, 0, 0, 0, 0, 0, 0, 0, 0, 0, 0, 0, 0, 0, 0, 0, 0, 0, 0, 0, 0, 0, 0, 0, 0, 0, 0, 0, 0, 0, 0, 0, 0],
    &[0, 0, 0, 0, 0, 0, 0, 0, 0, 0, 0, 0, 0, 0, 0, 0, 0, 0, 0, 0, 0, 0, 0, 0, 0, 0, 0, 0, 0, 0, 0, 0, 0],
    &[0, 0, 0, 0, 0, 0, 0, 0, 0, 0, 0, 0, 0, 0, 0, 0, 0, 0, 0, 0, 0, 0, 0, 0, 0, 0, 0, 0, 0, 0, 0, 0, 0],
    &[0, 0, 0, 0, 0, 0, 0, 0, 0, 0, 0, 0, 0, 0, 0, 0, 0, 0, 0, 0, 0, 0, 0, 0, 0, 0, 0, 0, 0, 0, 0, 0, 0],
    &[0, 0, 0, 0, 0, 0, 0, 0, 0, 0, 0, 0, 0, 0, 0, 0, 0, 0, 0, 0, 0, 0, 0, 0, 0, 0, 0, 0, 0, 0, 0, 0, 0],
    &[0, 0, 0, 0, 0, 0, 0, 0, 0, 0, 0, 0, 0, 0, 0, 0, 0, 0, 0, 0, 0, 0, 0, 0, 0, 0, 0, 0, 0, 0, 0, 0, 0],
    &[0, 0, 0, 0, 0, 0, 0, 0, 0, 0, 0, 0, 0, 0, 0, 0, 0, 0, 0, 0, 0, 0, 0, 0, 0, 0, 0, 0, 0, 0, 0, 0, 0],
    &[0, 0, 0, 0, 0, 0, 0, 0, 0, 0, 0, 0, 0, 0, 0, 0, 0, 0, 0, 0, 0, 0, 0, 0, 0, 0, 0, 0, 0, 0, 0, 0, 0],
    &[0, 0, 0, 0, 0, 0, 0, 0, 0, 0, 0, 0, 0, 0, 0, 0, 0, 0, 0, 0, 0, 0, 0, 0, 0, 0, 0, 0, 0, 0, 0, 0, 0],
    &[0, 0, 0, 0, 0, 0, 0, 0, 0, 0, 0, 0, 0, 0, 0, 0, 0, 0, 0, 0, 0, 0, 0, 0, 0, 0, 0, 0, 0, 0, 0, 0, 0],
    &[0, 0, 0, 0, 0, 0, 0, 0, 0, 0, 0, 0, 0, 0, 0, 0, 0, 0, 0, 0, 0, 0, 0, 0, 0, 0, 0, 0, 0, 0, 0, 0, 0],
    &[0, 0, 0, 0, 0, 0, 0, 0, 0, 0, 0, 0, 0, 0, 0, 0, 0, 0, 0, 0, 0, 0, 0, 0, 0, 0, 0, 0, 0, 0, 0, 0, 0],
    &[0, 0, 0, 0, 0, 0, 0, 0, 0, 0, 0, 0, 0, 0, 0, 0, 0, 0, 0, 0, 0, 0, 0, 0, 0, 0, 0, 0, 0, 0, 0, 0, 0],
    &[0, 0, 0, 0, 0, 0, 0, 0, 0, 0, 0, 0, 0, 0, 0, 0, 0, 0, 0, 0, 0, 0, 0, 0, 0, 0, 0, 0, 0, 0, 0, 0, 0],
]