&[
    &[0, 0, 0, 0, 0, 0, 0, 0, 0, 0, 0, 0, 0],
    &[0, 0, 0, 0, 0, 0, 0, 0, 0, 0, 0, 0, 0],
    &[0, 0, 0, 0, 0, 0, 0, 0, 0, 0, 0, 0, 0],
    &[0, 0, 0, 0, 0, 0, 0, 0, 0, 0, 0, 0, 0],
    &[0, 0, 0, 0, 0, 18, 32, 5, 0, 0, 0, 0, 0],
    &[0, 0, 0, 44, 222, 254, 250, 238, 82, 0, 0, 0, 0],
    &[0, 0, 0, 5, 78, 9, 9, 147, 222, 0, 0, 0, 0],
    &[0, 0, 0, 0, 7, 55, 81, 143, 251, 0, 0, 0, 0],
    &[0, 0, 0, 63, 235, 204, 163, 183, 252, 0, 0, 0, 0],
    &[0, 0, 0, 188, 186, 0, 0, 100, 252, 0, 0, 0, 0],
    &[0, 0, 0, 180, 208, 48, 65, 218, 252, 0, 0, 0, 0],
    &[0, 0, 0, 45, 201, 231, 180, 67, 210, 0, 0, 0, 0],
    &[0, 0, 0, 0, 0, 0, 0, 0, 0, 0, 0, 0, 0],
    &[0, 0, 0, 0, 0, 0, 0, 0, 0, 0, 0, 0, 0],
    &[0, 0, 0, 0, 0, 0, 0, 0, 0, 0, 0, 0, 0],
    &[0, 0, 0, 0, 0, 0, 0, 0, 0, 0, 0, 0, 0],
    &[0, 0, 0, 0, 0, 0, 0, 0, 0, 0, 0, 0, 0],
    &[0, 0, 0, 0, 0, 0, 0, 0, 0, 0, 0, 0, 0],
    &[0, 0, 0, 0, 0, 0, 0, 0, 0, 0, 0, 0, 0],
    &[0, 0, 0, 0, 0, 0, 0, 0, 0, 0, 0, 0, 0],
    &[0, 0, 0, 0, 0, 0, 0, 0, 0, 0, 0, 0, 0],
    &[0, 0, 0, 0, 0, 0, 0, 0, 0, 0, 0, 0, 0],
    &[0, 0, 0, 0, 0, 0, 0, 0, 0, 0, 0, 0, 0],
    &[0, 0, 0, 0, 0, 0, 0, 0, 0, 0, 0, 0, 0],
]