&[
    &[0, 0, 0, 0, 0, 0, 0, 0, 0, 0, 0, 0, 0, 0, 0, 0, 0, 0, 0, 0, 0, 0, 0, 0, 0, 0, 0, 0, 0, 0, 0, 0, 0],
    &[0, 0, 0, 0, 0, 0, 0, 0, 0, 0, 0, 0, 0, 0, 0, 0, 0, 0, 0, 0, 0, 0, 0, 0, 0, 0, 0, 0, 0, 0, 0, 0, 0],
    &[0, 0, 0, 0, 0, 0, 0, 0, 0, 0, 0, 0, 0, 0, 0, 0, 0, 0, 0, 0, 0, 0, 0, 0, 0, 0, 0, 0, 0, 0, 0, 0, 0],
    &[0, 0, 0, 0, 0, 0, 0, 0, 0, 0, 0, 0, 0, 0, 0, 0, 0, 0, 0, 0, 0, 0, 0, 0, 0, 0, 0, 0, 0, 0, 0, 0, 0],
    &[0, 0, 0, 0, 0, 0, 0, 0, 0, 0, 0, 0, 0, 0, 0, 0, 0, 0, 0, 0, 0, 0, 0, 0, 0, 0, 0, 0, 0, 0, 0, 0, 0],
    &[0, 0, 0, 0, 0, 0, 0, 0, 0, 0, 0, 0, 0, 0, 0, 0, 0, 0, 0, 0, 0, 0, 0, 0, 0, 0, 0, 0, 0, 0, 0, 0, 0],
    &[0, 0, 0, 0, 0, 0, 0, 0, 0, 0, 0, 0, 0, 0, 0, 0, 0, 0, 0, 0, 0, 0, 0, 0, 0, 0, 0, 0, 0, 0, 0, 0, 0],
    &[0, 0, 0, 0, 0, 0, 0, 0, 0, 0, 0, 0, 0, 0, 0, 0, 0, 0, 0, 0, 0, 0, 0, 0, 0, 0, 0, 0, 0, 0, 0, 0, 0],
    &[0, 0, 0, 0, 0, 0, 0, 0, 0, 0, 0, 0, 0, 4, 10, 10, 10, 10, 10, 10, 10, 10, 10, 10, 10, 10, 10, 10, 10, 1, 0, 0, 0],
    &[0, 0, 0, 0, 0, 0, 0, 0, 8, 82, 167, 207, 233, 254, 255, 255, 255, 255, 255, 255, 255, 255, 255, 255, 255, 255, 255, 255, 255, 27, 0, 0, 0],
    &[0, 0, 0, 0, 0, 0, 6, 126, 241, 255, 255, 255, 255, 255, 255, 255, 255, 255, 255, 255, 255, 255, 255, 255, 255, 255, 255, 255, 255, 27, 0, 0, 0],
    &[0, 0, 0, 0, 0, 14, 192, 255, 255, 255, 255, 255, 255, 255, 255, 255, 255, 255, 255, 255, 253, 251, 251, 251, 251, 251, 255, 255, 255, 27, 0, 0, 0],
    &[0, 0, 0, 0, 1, 181, 255, 255, 255, 255, 255, 255, 255, 255, 255, 255, 255, 255, 255, 255, 119, 0, 0, 0, 0, 6, 255, 255, 255, 27, 0, 0, 0],
    &[0, 0, 0, 0, 101, 255, 255, 255, 255, 255, 255, 255, 255, 255, 255, 255, 255, 255, 255, 255, 119, 0, 0, 0, 0, 6, 255, 255, 255, 27, 0, 0, 0],
    &[0, 0, 0, 5, 231, 255, 255, 255, 255, 255, 255, 255, 255, 255, 255, 255, 255, 255, 255, 255, 119, 0, 0, 0, 0, 6, 255, 255, 255, 27, 0, 0, 0],
    &[0, 0, 0, 81, 255, 255, 255, 255, 255, 255, 255, 255, 255, 255, 255, 255, 255, 255, 255, 255, 119, 0, 0, 0, 0, 6, 255, 255, 255, 27, 0, 0, 0],
    &[0, 0, 0, 160, 255, 255, 255, 255, 255, 255, 255, 255, 255, 255, 255, 255, 255, 255, 255, 255, 119, 0, 0, 0, 0, 6, 255, 255, 255, 27, 0, 0, 0],
    &[0, 0, 0, 219, 255, 255, 255, 255, 255, 255, 255, 255, 255, 255, 255, 255, 255, 255, 255, 255, 119, 0, 0, 0, 0, 6, 255, 255, 255, 27, 0, 0, 0],
    &[0, 0, 7, 254, 255, 255, 255, 255, 255, 255, 255, 255, 255, 255, 255, 255, 255, 255, 255, 255, 119, 0, 0, 0, 0, 6, 255, 255, 255, 27, 0, 0, 0],
    &[0, 0, 36, 255, 255, 255, 255, 255, 255, 255, 255, 255, 255, 255, 255, 255, 255, 255, 255, 255, 119, 0, 0, 0, 0, 6, 255, 255, 255, 27, 0, 0, 0],
    &[0, 0, 58, 255, 255, 255, 255, 255, 255, 255, 255, 255, 255, 255, 255, 255, 255, 255, 255, 255, 119, 0, 0, 0, 0, 6, 255, 255, 255, 27, 0, 0, 0],
    &[0, 0, 67, 255, 255, 255, 255, 255, 255, 255, 255, 255, 255, 255, 255, 255, 255, 255, 255, 255, 119, 0, 0, 0, 0, 6, 255, 255, 255, 27, 0, 0, 0],
    &[0, 0, 74, 255, 255, 255, 255, 255, 255, 255, 255, 255, 255, 255, 255, 255, 255, 255, 255, 255, 119, 0, 0, 0, 0, 6, 255, 255, 255, 27, 0, 0, 0],
    &[0, 0, 68, 255, 255, 255, 255, 255, 255, 255, 255, 255, 255, 255, 255, 255, 255, 255, 255, 255, 119, 0, 0, 0, 0, 6, 255, 255, 255, 27, 0, 0, 0],
    &[0, 0, 59, 255, 255, 255, 255, 255, 255, 255, 255, 255, 255, 255, 255, 255, 255, 255, 255, 255, 119, 0, 0, 0, 0, 6, 255, 255, 255, 27, 0, 0, 0],
    &[0, 0, 37, 255, 255, 255, 255, 255, 255, 255, 255, 255, 255, 255, 255, 255, 255, 255, 255, 255, 119, 0, 0, 0, 0, 6, 255, 255, 255, 27, 0, 0, 0],
    &[0, 0, 8, 255, 255, 255, 255, 255, 255, 255, 255, 255, 255, 255, 255, 255, 255, 255, 255, 255, 119, 0, 0, 0, 0, 6, 255, 255, 255, 27, 0, 0, 0],
    &[0, 0, 0, 219, 255, 255, 255, 255, 255, 255, 255, 255, 255, 255, 255, 255, 255, 255, 255, 255, 119, 0, 0, 0, 0, 6, 255, 255, 255, 27, 0, 0, 0],
    &[0, 0, 0, 163, 255, 255, 255, 255, 255, 255, 255, 255, 255, 255, 255, 255, 255, 255, 255, 255, 119, 0, 0, 0, 0, 6, 255, 255, 255, 27, 0, 0, 0],
    &[0, 0, 0, 83, 255, 255, 255, 255, 255, 255, 255, 255, 255, 255, 255, 255, 255, 255, 255, 255, 119, 0, 0, 0, 0, 6, 255, 255, 255, 27, 0, 0, 0],
    &[0, 0, 0, 8, 232, 255, 255, 255, 255, 255, 255, 255, 255, 255, 255, 255, 255, 255, 255, 255, 119, 0, 0, 0, 0, 6, 255, 255, 255, 27, 0, 0, 0],
    &[0, 0, 0, 0, 108, 255, 255, 255, 255, 255, 255, 255, 255, 255, 255, 255, 255, 255, 255, 255, 119, 0, 0, 0, 0, 6, 255, 255, 255, 27, 0, 0, 0],
    &[0, 0, 0, 0, 2, 188, 255, 255, 255, 255, 255, 255, 255, 255, 255, 255, 255, 255, 255, 255, 119, 0, 0, 0, 0, 6, 255, 255, 255, 27, 0, 0, 0],
    &[0, 0, 0, 0, 0, 13, 192, 255, 255, 255, 255, 255, 255, 255, 255, 255, 255, 255, 255, 255, 119, 0, 0, 0, 0, 6, 255, 255, 255, 27, 0, 0, 0],
    &[0, 0, 0, 0, 0, 0, 3, 111, 217, 255, 255, 255, 255, 255, 255, 255, 255, 255, 255, 255, 119, 0, 0, 0, 0, 6, 255, 255, 255, 27, 0, 0, 0],
    &[0, 0, 0, 0, 0, 0, 0, 0, 0, 56, 122, 150, 177, 182, 167, 144, 102, 194, 255, 255, 119, 0, 0, 0, 0, 6, 255, 255, 255, 27, 0, 0, 0],
    &[0, 0, 0, 0, 0, 0, 0, 0, 0, 0, 0, 0, 0, 0, 0, 0, 0, 170, 255, 255, 119, 0, 0, 0, 0, 6, 255, 255, 255, 27, 0, 0, 0],
    &[0, 0, 0, 0, 0, 0, 0, 0, 0, 0, 0, 0, 0, 0, 0, 0, 0, 170, 255, 255, 119, 0, 0, 0, 0, 6, 255, 255, 255, 27, 0, 0, 0],
    &[0, 0, 0, 0, 0, 0, 0, 0, 0, 0, 0, 0, 0, 0, 0, 0, 0, 170, 255, 255, 119, 0, 0, 0, 0, 6, 255, 255, 255, 27, 0, 0, 0],
    &[0, 0, 0, 0, 0, 0, 0, 0, 0, 0, 0, 0, 0, 0, 0, 0, 0, 170, 255, 255, 119, 0, 0, 0, 0, 6, 255, 255, 255, 27, 0, 0, 0],
    &[0, 0, 0, 0, 0, 0, 0, 0, 0, 0, 0, 0, 0, 0, 0, 0, 0, 170, 255, 255, 119, 0, 0, 0, 0, 6, 255, 255, 255, 27, 0, 0, 0],
    &[0, 0, 0, 0, 0, 0, 0, 0, 0, 0, 0, 0, 0, 0, 0, 0, 0, 170, 255, 255, 119, 0, 0, 0, 0, 6, 255, 255, 255, 27, 0, 0, 0],
    &[0, 0, 0, 0, 0, 0, 0, 0, 0, 0, 0, 0, 0, 0, 0, 0, 0, 170, 255, 255, 119, 0, 0, 0, 0, 6, 255, 255, 255, 27, 0, 0, 0],
    &[0, 0, 0, 0, 0, 0, 0, 0, 0, 0, 0, 0, 0, 0, 0, 0, 0, 170, 255, 255, 119, 0, 0, 0, 0, 6, 255, 255, 255, 27, 0, 0, 0],
    &[0, 0, 0, 0, 0, 0, 0, 0, 0, 0, 0, 0, 0, 0, 0, 0, 0, 170, 255, 255, 119, 0, 0, 0, 0, 6, 255, 255, 255, 27, 0, 0, 0],
    &[0, 0, 0, 0, 0, 0, 0, 0, 0, 0, 0, 0, 0, 0, 0, 0, 0, 170, 255, 255, 119, 0, 0, 0, 0, 6, 255, 255, 255, 27, 0, 0, 0],
    &[0, 0, 0, 0, 0, 0, 0, 0, 0, 0, 0, 0, 0, 0, 0, 0, 0, 170, 255, 255, 119, 0, 0, 0, 0, 6, 255, 255, 255, 27, 0, 0, 0],
    &[0, 0, 0, 0, 0, 0, 0, 0, 0, 0, 0, 0, 0, 0, 0, 0, 0, 170, 255, 255, 119, 0, 0, 0, 0, 6, 255, 255, 255, 27, 0, 0, 0],
    &[0, 0, 0, 0, 0, 0, 0, 0, 0, 0, 0, 0, 0, 0, 0, 0, 0, 170, 255, 255, 119, 0, 0, 0, 0, 6, 255, 255, 255, 27, 0, 0, 0],
    &[0, 0, 0, 0, 0, 0, 0, 0, 0, 0, 0, 0, 0, 0, 0, 0, 0, 170, 255, 255, 119, 0, 0, 0, 0, 6, 255, 255, 255, 27, 0, 0, 0],
    &[0, 0, 0, 0, 0, 0, 0, 0, 0, 0, 0, 0, 0, 0, 0, 0, 0, 170, 255, 255, 119, 0, 0, 0, 0, 6, 255, 255, 255, 27, 0, 0, 0],
    &[0, 0, 0, 0, 0, 0, 0, 0, 0, 0, 0, 0, 0, 0, 0, 0, 0, 170, 255, 255, 119, 0, 0, 0, 0, 6, 255, 255, 255, 27, 0, 0, 0],
    &[0, 0, 0, 0, 0, 0, 0, 0, 0, 0, 0, 0, 0, 0, 0, 0, 0, 170, 255, 255, 119, 0, 0, 0, 0, 6, 255, 255, 255, 27, 0, 0, 0],
    &[0, 0, 0, 0, 0, 0, 0, 0, 0, 0, 0, 0, 0, 0, 0, 0, 0, 170, 255, 255, 119, 0, 0, 0, 0, 6, 255, 255, 255, 27, 0, 0, 0],
    &[0, 0, 0, 0, 0, 0, 0, 0, 0, 0, 0, 0, 0, 0, 0, 0, 0, 170, 255, 255, 119, 0, 0, 0, 0, 6, 255, 255, 255, 27, 0, 0, 0],
    &[0, 0, 0, 0, 0, 0, 0, 0, 0, 0, 0, 0, 0, 0, 0, 0, 0, 170, 255, 255, 119, 0, 0, 0, 0, 6, 255, 255, 255, 27, 0, 0, 0],
    &[0, 0, 0, 0, 0, 0, 0, 0, 0, 0, 0, 0, 0, 0, 0, 0, 0, 146, 219, 219, 102, 0, 0, 0, 0, 5, 219, 219, 219, 23, 0, 0, 0],
    &[0, 0, 0, 0, 0, 0, 0, 0, 0, 0, 0, 0, 0, 0, 0, 0, 0, 0, 0, 0, 0, 0, 0, 0, 0, 0, 0, 0, 0, 0, 0, 0, 0],
    &[0, 0, 0, 0, 0, 0, 0, 0, 0, 0, 0, 0, 0, 0, 0, 0, 0, 0, 0, 0, 0, 0, 0, 0, 0, 0, 0, 0, 0, 0, 0, 0, 0],
    &[0, 0, 0, 0, 0, 0, 0, 0, 0, 0, 0, 0, 0, 0, 0, 0, 0, 0, 0, 0, 0, 0, 0, 0, 0, 0, 0, 0, 0, 0, 0, 0, 0],
    &[0, 0, 0, 0, 0, 0, 0, 0, 0, 0, 0, 0, 0, 0, 0, 0, 0, 0, 0, 0, 0, 0, 0, 0, 0, 0, 0, 0, 0, 0, 0, 0, 0],
    &[0, 0, 0, 0, 0, 0, 0, 0, 0, 0, 0, 0, 0, 0, 0, 0, 0, 0, 0, 0, 0, 0, 0, 0, 0, 0, 0, 0, 0, 0, 0, 0, 0],
    &[0, 0, 0, 0, 0, 0, 0, 0, 0, 0, 0, 0, 0, 0, 0, 0, 0, 0, 0, 0, 0, 0, 0, 0, 0, 0, 0, 0, 0, 0, 0, 0, 0],
    &[0, 0, 0, 0, 0, 0, 0, 0, 0, 0, 0, 0, 0, 0, 0, 0, 0, 0, 0, 0, 0, 0, 0, 0, 0, 0, 0, 0, 0, 0, 0, 0, 0],
]