&[
    &[0, 0, 0, 0, 0, 0, 0, 0, 0, 0, 0, 0, 0],
    &[0, 0, 0, 0, 0, 0, 0, 0, 0, 0, 0, 0, 0],
    &[0, 0, 0, 0, 0, 0, 0, 0, 0, 0, 0, 0, 0],
    &[0, 0, 0, 0, 0, 0, 0, 0, 0, 0, 0, 0, 0],
    &[0, 0, 0, 0, 0, 9, 37, 5, 0, 0, 0, 0, 0],
    &[0, 0, 0, 0, 120, 210, 177, 218, 58, 0, 0, 0, 0],
    &[0, 0, 0, 54, 203, 6, 0, 55, 217, 0, 0, 0, 0],
    &[0, 0, 0, 124, 114, 0, 0, 0, 220, 35, 0, 0, 0],
    &[0, 0, 0, 143, 96, 0, 0, 0, 199, 47, 0, 0, 0],
    &[0, 0, 0, 110, 133, 0, 0, 2, 230, 15, 0, 0, 0],
    &[0, 0, 0, 20, 219, 50, 8, 123, 165, 0, 0, 0, 0],
    &[0, 0, 0, 0, 47, 173, 196, 136, 9, 0, 0, 0, 0],
    &[0, 0, 0, 0, 0, 0, 0, 0, 0, 0, 0, 0, 0],
    &[0, 0, 0, 0, 0, 0, 0, 0, 0, 0, 0, 0, 0],
    &[0, 0, 0, 0, 0, 0, 0, 0, 0, 0, 0, 0, 0],
    &[0, 0, 0, 0, 0, 0, 0, 0, 0, 0, 0, 0, 0],
    &[0, 0, 0, 0, 0, 0, 0, 0, 0, 0, 0, 0, 0],
    &[0, 0, 0, 0, 0, 0, 0, 0, 0, 0, 0, 0, 0],
    &[0, 0, 0, 0, 0, 0, 0, 0, 0, 0, 0, 0, 0],
    &[0, 0, 0, 0, 0, 0, 0, 0, 0, 0, 0, 0, 0],
    &[0, 0, 0, 0, 0, 0, 0, 0, 0, 0, 0, 0, 0],
    &[0, 0, 0, 0, 0, 0, 0, 0, 0, 0, 0, 0, 0],
    &[0, 0, 0, 0, 0, 0, 0, 0, 0, 0, 0, 0, 0],
    &[0, 0, 0, 0, 0, 0, 0, 0, 0, 0, 0, 0, 0],
]