&[
    &[0, 0, 0, 0, 0, 0, 0, 0, 0, 0, 0, 0, 0],
    &[0, 0, 0, 0, 0, 0, 0, 0, 0, 0, 0, 0, 0],
    &[0, 0, 0, 0, 0, 0, 0, 0, 0, 0, 0, 0, 0],
    &[0, 0, 0, 0, 0, 0, 0, 0, 0, 0, 0, 0, 0],
    &[0, 0, 0, 0, 0, 8, 31, 4, 0, 0, 0, 0, 0],
    &[0, 0, 0, 2, 145, 252, 253, 230, 68, 0, 0, 0, 0],
    &[0, 0, 0, 94, 242, 50, 9, 141, 237, 11, 0, 0, 0],
    &[0, 0, 0, 170, 166, 0, 0, 23, 255, 70, 0, 0, 0],
    &[0, 0, 0, 192, 143, 0, 0, 2, 254, 85, 0, 0, 0],
    &[0, 0, 0, 162, 175, 0, 0, 33, 255, 54, 0, 0, 0],
    &[0, 0, 0, 66, 249, 98, 54, 177, 211, 3, 0, 0, 0],
    &[0, 0, 0, 0, 93, 209, 230, 175, 31, 0, 0, 0, 0],
    &[0, 0, 0, 0, 0, 0, 0, 0, 0, 0, 0, 0, 0],
    &[0, 0, 0, 0, 0, 0, 0, 0, 0, 0, 0, 0, 0],
    &[0, 0, 0, 0, 0, 0, 0, 0, 0, 0, 0, 0, 0],
    &[0, 0, 0, 0, 0, 0, 0, 0, 0, 0, 0, 0, 0],
    &[0, 0, 0, 0, 0, 0, 0, 0, 0, 0, 0, 0, 0],
    &[0, 0, 0, 0, 0, 0, 0, 0, 0, 0, 0, 0, 0],
    &[0, 0, 0, 0, 0, 0, 0, 0, 0, 0, 0, 0, 0],
    &[0, 0, 0, 0, 0, 0, 0, 0, 0, 0, 0, 0, 0],
    &[0, 0, 0, 0, 0, 0, 0, 0, 0, 0, 0, 0, 0],
    &[0, 0, 0, 0, 0, 0, 0, 0, 0, 0, 0, 0, 0],
    &[0, 0, 0, 0, 0, 0, 0, 0, 0, 0, 0, 0, 0],
    &[0, 0, 0, 0, 0, 0, 0, 0, 0, 0, 0, 0, 0],
]