&[
    &[0, 0, 0, 0, 0, 0, 0, 0, 0, 0, 0, 0, 0, 0, 0, 0, 0, 0, 0, 0, 0, 0, 0, 0, 0, 0, 0, 0, 0, 0, 0, 0, 0],
    &[0, 0, 0, 0, 0, 0, 0, 0, 0, 0, 0, 0, 0, 0, 0, 0, 0, 0, 0, 0, 0, 0, 0, 0, 0, 0, 0, 0, 0, 0, 0, 0, 0],
    &[0, 0, 0, 0, 0, 0, 0, 0, 0, 0, 0, 0, 0, 0, 0, 0, 0, 0, 0, 0, 0, 0, 0, 0, 0, 0, 0, 0, 0, 0, 0, 0, 0],
    &[0, 0, 0, 0, 0, 0, 0, 0, 0, 0, 0, 0, 0, 0, 0, 0, 0, 0, 0, 0, 0, 0, 0, 0, 0, 0, 0, 0, 0, 0, 0, 0, 0],
    &[0, 0, 0, 0, 0, 0, 0, 0, 0, 0, 0, 0, 0, 0, 0, 0, 0, 0, 0, 0, 0, 0, 0, 0, 0, 0, 0, 0, 0, 0, 0, 0, 0],
    &[0, 0, 0, 0, 0, 0, 0, 0, 0, 0, 0, 0, 0, 0, 0, 0, 0, 0, 0, 0, 0, 0, 0, 0, 0, 0, 0, 0, 0, 0, 0, 0, 0],
    &[0, 0, 0, 0, 0, 0, 0, 0, 0, 0, 0, 0, 0, 0, 0, 0, 0, 0, 0, 0, 0, 0, 0, 0, 0, 0, 0, 0, 0, 0, 0, 0, 0],
    &[0, 0, 0, 0, 0, 0, 0, 0, 0, 0, 0, 0, 0, 0, 0, 0, 0, 0, 0, 0, 0, 0, 0, 0, 0, 0, 0, 0, 0, 0, 0, 0, 0],
    &[0, 0, 0, 0, 0, 0, 0, 0, 0, 0, 0, 0, 0, 0, 0, 0, 0, 0, 0, 0, 0, 0, 0, 0, 0, 0, 0, 0, 0, 0, 0, 0, 0],
    &[0, 0, 0, 0, 0, 0, 0, 0, 0, 0, 0, 0, 0, 0, 0, 0, 0, 0, 0, 0, 0, 0, 0, 0, 0, 0, 0, 0, 0, 0, 0, 0, 0],
    &[0, 0, 0, 0, 0, 0, 0, 0, 0, 0, 0, 0, 0, 0, 0, 0, 0, 0, 0, 0, 0, 0, 0, 0, 0, 0, 0, 0, 0, 0, 0, 0, 0],
    &[0, 0, 0, 0, 0, 0, 0, 0, 0, 0, 49, 142, 142, 142, 142, 142, 142, 142, 142, 142, 142, 142, 142, 142, 142, 142, 142, 142, 142, 142, 142, 110, 0],
    &[0, 0, 0, 0, 0, 0, 0, 0, 0, 0, 135, 255, 255, 255, 255, 255, 255, 255, 255, 255, 255, 255, 255, 255, 255, 255, 255, 255, 255, 255, 255, 199, 0],
    &[0, 0, 0, 0, 0, 0, 0, 0, 0, 0, 196, 255, 255, 255, 255, 255, 255, 255, 255, 255, 255, 255, 255, 255, 255, 255, 255, 255, 255, 255, 255, 199, 0],
    &[0, 0, 0, 0, 0, 0, 0, 0, 0, 8, 249, 255, 255, 255, 255, 255, 255, 255, 255, 255, 255, 255, 255, 255, 255, 255, 255, 255, 255, 255, 255, 199, 0],
    &[0, 0, 0, 0, 0, 0, 0, 0, 0, 62, 255, 255, 255, 255, 255, 255, 255, 255, 255, 255, 255, 255, 255, 255, 255, 255, 255, 255, 255, 255, 255, 199, 0],
    &[0, 0, 0, 0, 0, 0, 0, 0, 0, 123, 255, 255, 255, 255, 255, 255, 255, 255, 255, 255, 255, 255, 255, 255, 255, 255, 255, 255, 255, 255, 255, 199, 0],
    &[0, 0, 0, 0, 0, 0, 0, 0, 0, 184, 255, 255, 255, 255, 255, 255, 255, 255, 255, 255, 255, 255, 255, 255, 255, 255, 255, 255, 255, 255, 255, 199, 0],
    &[0, 0, 0, 0, 0, 0, 0, 0, 3, 242, 255, 255, 255, 255, 255, 190, 35, 104, 255, 255, 255, 255, 255, 255, 84, 35, 35, 35, 35, 35, 35, 27, 0],
    &[0, 0, 0, 0, 0, 0, 0, 0, 50, 255, 255, 255, 255, 255, 255, 127, 0, 80, 255, 255, 255, 255, 255, 255, 56, 0, 0, 0, 0, 0, 0, 0, 0],
    &[0, 0, 0, 0, 0, 0, 0, 0, 111, 255, 255, 255, 255, 255, 255, 70, 0, 80, 255, 255, 255, 255, 255, 255, 56, 0, 0, 0, 0, 0, 0, 0, 0],
    &[0, 0, 0, 0, 0, 0, 0, 0, 172, 255, 255, 255, 255, 255, 254, 15, 0, 80, 255, 255, 255, 255, 255, 255, 56, 0, 0, 0, 0, 0, 0, 0, 0],
    &[0, 0, 0, 0, 0, 0, 0, 0, 232, 255, 255, 255, 255, 255, 213, 0, 0, 80, 255, 255, 255, 255, 255, 255, 56, 0, 0, 0, 0, 0, 0, 0, 0],
    &[0, 0, 0, 0, 0, 0, 0, 38, 255, 255, 255, 255, 255, 255, 157, 0, 0, 80, 255, 255, 255, 255, 255, 255, 56, 0, 0, 0, 0, 0, 0, 0, 0],
    &[0, 0, 0, 0, 0, 0, 0, 99, 255, 255, 255, 255, 255, 255, 100, 0, 0, 80, 255, 255, 255, 255, 255, 255, 56, 0, 0, 0, 0, 0, 0, 0, 0],
    &[0, 0, 0, 0, 0, 0, 0, 160, 255, 255, 255, 255, 255, 255, 44, 0, 0, 80, 255, 255, 255, 255, 255, 255, 56, 0, 0, 0, 0, 0, 0, 0, 0],
    &[0, 0, 0, 0, 0, 0, 0, 221, 255, 255, 255, 255, 255, 241, 2, 0, 0, 80, 255, 255, 255, 255, 255, 255, 132, 97, 97, 97, 97, 97, 78, 0, 0],
    &[0, 0, 0, 0, 0, 0, 26, 255, 255, 255, 255, 255, 255, 187, 0, 0, 0, 80, 255, 255, 255, 255, 255, 255, 255, 255, 255, 255, 255, 255, 206, 0, 0],
    &[0, 0, 0, 0, 0, 0, 87, 255, 255, 255, 255, 255, 255, 131, 0, 0, 0, 80, 255, 255, 255, 255, 255, 255, 255, 255, 255, 255, 255, 255, 206, 0, 0],
    &[0, 0, 0, 0, 0, 0, 148, 255, 255, 255, 255, 255, 255, 74, 0, 0, 0, 80, 255, 255, 255, 255, 255, 255, 255, 255, 255, 255, 255, 255, 206, 0, 0],
    &[0, 0, 0, 0, 0, 0, 209, 255, 255, 255, 255, 255, 255, 19, 0, 0, 0, 80, 255, 255, 255, 255, 255, 255, 255, 255, 255, 255, 255, 255, 206, 0, 0],
    &[0, 0, 0, 0, 0, 16, 253, 255, 255, 255, 255, 255, 218, 0, 0, 0, 0, 80, 255, 255, 255, 255, 255, 255, 255, 255, 255, 255, 255, 255, 206, 0, 0],
    &[0, 0, 0, 0, 0, 75, 255, 255, 255, 255, 255, 255, 161, 0, 0, 0, 0, 80, 255, 255, 255, 255, 255, 255, 255, 255, 255, 255, 255, 255, 206, 0, 0],
    &[0, 0, 0, 0, 0, 135, 255, 255, 255, 255, 255, 255, 156, 51, 51, 51, 51, 131, 255, 255, 255, 255, 255, 255, 118, 80, 80, 80, 80, 80, 64, 0, 0],
    &[0, 0, 0, 0, 0, 196, 255, 255, 255, 255, 255, 255, 255, 255, 255, 255, 255, 255, 255, 255, 255, 255, 255, 255, 56, 0, 0, 0, 0, 0, 0, 0, 0],
    &[0, 0, 0, 0, 8, 249, 255, 255, 255, 255, 255, 255, 255, 255, 255, 255, 255, 255, 255, 255, 255, 255, 255, 255, 56, 0, 0, 0, 0, 0, 0, 0, 0],
    &[0, 0, 0, 0, 62, 255, 255, 255, 255, 255, 255, 255, 255, 255, 255, 255, 255, 255, 255, 255, 255, 255, 255, 255, 56, 0, 0, 0, 0, 0, 0, 0, 0],
    &[0, 0, 0, 0, 123, 255, 255, 255, 255, 255, 255, 255, 255, 255, 255, 255, 255, 255, 255, 255, 255, 255, 255, 255, 56, 0, 0, 0, 0, 0, 0, 0, 0],
    &[0, 0, 0, 0, 184, 255, 255, 255, 255, 255, 255, 255, 255, 255, 255, 255, 255, 255, 255, 255, 255, 255, 255, 255, 56, 0, 0, 0, 0, 0, 0, 0, 0],
    &[0, 0, 0, 3, 242, 255, 255, 255, 255, 255, 255, 255, 255, 255, 255, 255, 255, 255, 255, 255, 255, 255, 255, 255, 56, 0, 0, 0, 0, 0, 0, 0, 0],
    &[0, 0, 0, 50, 255, 255, 255, 255, 255, 255, 255, 126, 126, 126, 126, 126, 126, 207, 255, 255, 255, 255, 255, 255, 56, 0, 0, 0, 0, 0, 0, 0, 0],
    &[0, 0, 0, 111, 255, 255, 255, 255, 255, 255, 166, 0, 0, 0, 0, 0, 0, 80, 255, 255, 255, 255, 255, 255, 56, 0, 0, 0, 0, 0, 0, 0, 0],
    &[0, 0, 0, 172, 255, 255, 255, 255, 255, 255, 109, 0, 0, 0, 0, 0, 0, 80, 255, 255, 255, 255, 255, 255, 56, 0, 0, 0, 0, 0, 0, 0, 0],
    &[0, 0, 0, 232, 255, 255, 255, 255, 255, 255, 53, 0, 0, 0, 0, 0, 0, 80, 255, 255, 255, 255, 255, 255, 195, 178, 178, 178, 178, 178, 178, 138, 0],
    &[0, 0, 38, 255, 255, 255, 255, 255, 255, 247, 5, 0, 0, 0, 0, 0, 0, 80, 255, 255, 255, 255, 255, 255, 255, 255, 255, 255, 255, 255, 255, 199, 0],
    &[0, 0, 99, 255, 255, 255, 255, 255, 255, 196, 0, 0, 0, 0, 0, 0, 0, 80, 255, 255, 255, 255, 255, 255, 255, 255, 255, 255, 255, 255, 255, 199, 0],
    &[0, 0, 160, 255, 255, 255, 255, 255, 255, 140, 0, 0, 0, 0, 0, 0, 0, 80, 255, 255, 255, 255, 255, 255, 255, 255, 255, 255, 255, 255, 255, 199, 0],
    &[0, 0, 221, 255, 255, 255, 255, 255, 255, 83, 0, 0, 0, 0, 0, 0, 0, 80, 255, 255, 255, 255, 255, 255, 255, 255, 255, 255, 255, 255, 255, 199, 0],
    &[0, 26, 255, 255, 255, 255, 255, 255, 255, 27, 0, 0, 0, 0, 0, 0, 0, 80, 255, 255, 255, 255, 255, 255, 255, 255, 255, 255, 255, 255, 255, 199, 0],
    &[0, 87, 255, 255, 255, 255, 255, 255, 226, 0, 0, 0, 0, 0, 0, 0, 0, 80, 255, 255, 255, 255, 255, 255, 255, 255, 255, 255, 255, 255, 255, 199, 0],
    &[0, 0, 0, 0, 0, 0, 0, 0, 0, 0, 0, 0, 0, 0, 0, 0, 0, 0, 0, 0, 0, 0, 0, 0, 0, 0, 0, 0, 0, 0, 0, 0, 0],
    &[0, 0, 0, 0, 0, 0, 0, 0, 0, 0, 0, 0, 0, 0, 0, 0, 0, 0, 0, 0, 0, 0, 0, 0, 0, 0, 0, 0, 0, 0, 0, 0, 0],
    &[0, 0, 0, 0, 0, 0, 0, 0, 0, 0, 0, 0, 0, 0, 0, 0, 0, 0, 0, 0, 0, 0, 0, 0, 0, 0, 0, 0, 0, 0, 0, 0, 0],
    &[0, 0, 0, 0, 0, 0, 0, 0, 0, 0, 0, 0, 0, 0, 0, 0, 0, 0, 0, 0, 0, 0, 0, 0, 0, 0, 0, 0, 0, 0, 0, 0, 0],
    &[0, 0, 0, 0, 0, 0, 0, 0, 0, 0, 0, 0, 0, 0, 0, 0, 0, 0, 0, 0, 0, 0, 0, 0, 0, 0, 0, 0, 0, 0, 0, 0, 0],
    &[0, 0, 0, 0, 0, 0, 0, 0, 0, 0, 0, 0, 0, 0, 0, 0, 0, 0, 0, 0, 0, 0, 0, 0, 0, 0, 0, 0, 0, 0, 0, 0, 0],
    &[0, 0, 0, 0, 0, 0, 0, 0, 0, 0, 0, 0, 0, 0, 0, 0, 0, 0, 0, 0, 0, 0, 0, 0, 0, 0, 0, 0, 0, 0, 0, 0, 0],
    &[0, 0, 0, 0, 0, 0, 0, 0, 0, 0, 0, 0, 0, 0, 0, 0, 0, 0, 0, 0, 0, 0, 0, 0, 0, 0, 0, 0, 0, 0, 0, 0, 0],
    &[0, 0, 0, 0, 0, 0, 0, 0, 0, 0, 0, 0, 0, 0, 0, 0, 0, 0, 0, 0, 0, 0, 0, 0, 0, 0, 0, 0, 0, 0, 0, 0, 0],
    &[0, 0, 0, 0, 0, 0, 0, 0, 0, 0, 0, 0, 0, 0, 0, 0, 0, 0, 0, 0, 0, 0, 0, 0, 0, 0, 0, 0, 0, 0, 0, 0, 0],
    &[0, 0, 0, 0, 0, 0, 0, 0, 0, 0, 0, 0, 0, 0, 0, 0, 0, 0, 0, 0, 0, 0, 0, 0, 0, 0, 0, 0, 0, 0, 0, 0, 0],
    &[0, 0, 0, 0, 0, 0, 0, 0, 0, 0, 0, 0, 0, 0, 0, 0, 0, 0, 0, 0, 0, 0, 0, 0, 0, 0, 0, 0, 0, 0, 0, 0, 0],
    &[0, 0, 0, 0, 0, 0, 0, 0, 0, 0, 0, 0, 0, 0, 0, 0, 0, 0, 0, 0, 0, 0, 0, 0, 0, 0, 0, 0, 0, 0, 0, 0, 0],
    &[0, 0, 0, 0, 0, 0, 0, 0, 0, 0, 0, 0, 0, 0, 0, 0, 0, 0, 0, 0, 0, 0, 0, 0, 0, 0, 0, 0, 0, 0, 0, 0, 0],
]