&[
    &[0, 0, 0, 0, 0, 79, 253, 146, 0, 0, 0, 0, 0, 0, 0, 0, 0],
    &[0, 0, 0, 0, 0, 0, 103, 254, 84, 0, 0, 0, 0, 0, 0, 0, 0],
    &[0, 0, 0, 0, 0, 0, 0, 106, 241, 47, 0, 0, 0, 0, 0, 0, 0],
    &[0, 0, 0, 0, 0, 0, 0, 0, 90, 157, 0, 0, 0, 0, 0, 0, 0],
    &[0, 0, 0, 0, 0, 0, 0, 0, 0, 0, 0, 0, 0, 0, 0, 0, 0],
    &[0, 0, 11, 71, 71, 71, 71, 71, 71, 71, 71, 71, 71, 60, 0, 0, 0],
    &[0, 0, 42, 255, 255, 255, 255, 255, 255, 255, 255, 255, 255, 217, 0, 0, 0],
    &[0, 0, 42, 255, 121, 32, 32, 32, 32, 32, 32, 32, 32, 27, 0, 0, 0],
    &[0, 0, 42, 255, 102, 0, 0, 0, 0, 0, 0, 0, 0, 0, 0, 0, 0],
    &[0, 0, 42, 255, 102, 0, 0, 0, 0, 0, 0, 0, 0, 0, 0, 0, 0],
    &[0, 0, 42, 255, 102, 0, 0, 0, 0, 0, 0, 0, 0, 0, 0, 0, 0],
    &[0, 0, 42, 255, 102, 0, 0, 0, 0, 0, 0, 0, 0, 0, 0, 0, 0],
    &[0, 0, 42, 255, 102, 0, 0, 0, 0, 0, 0, 0, 0, 0, 0, 0, 0],
    &[0, 0, 42, 255, 102, 0, 0, 0, 0, 0, 0, 0, 0, 0, 0, 0, 0],
    &[0, 0, 42, 255, 229, 211, 211, 211, 211, 211, 211, 211, 211, 65, 0, 0, 0],
    &[0, 0, 42, 255, 191, 147, 147, 147, 147, 147, 147, 147, 147, 45, 0, 0, 0],
    &[0, 0, 42, 255, 102, 0, 0, 0, 0, 0, 0, 0, 0, 0, 0, 0, 0],
    &[0, 0, 42, 255, 102, 0, 0, 0, 0, 0, 0, 0, 0, 0, 0, 0, 0],
    &[0, 0, 42, 255, 102, 0, 0, 0, 0, 0, 0, 0, 0, 0, 0, 0, 0],
    &[0, 0, 42, 255, 102, 0, 0, 0, 0, 0, 0, 0, 0, 0, 0, 0, 0],
    &[0, 0, 42, 255, 102, 0, 0, 0, 0, 0, 0, 0, 0, 0, 0, 0, 0],
    &[0, 0, 42, 255, 102, 0, 0, 0, 0, 0, 0, 0, 0, 0, 0, 0, 0],
    &[0, 0, 42, 255, 102, 0, 0, 0, 0, 0, 0, 0, 0, 0, 0, 0, 0],
    &[0, 0, 42, 255, 168, 110, 110, 110, 110, 110, 110, 110, 110, 93, 0, 0, 0],
    &[0, 0, 42, 255, 255, 255, 255, 255, 255, 255, 255, 255, 255, 217, 0, 0, 0],
    &[0, 0, 0, 0, 0, 0, 0, 0, 0, 0, 0, 0, 0, 0, 0, 0, 0],
    &[0, 0, 0, 0, 0, 0, 0, 0, 0, 0, 0, 0, 0, 0, 0, 0, 0],
    &[0, 0, 0, 0, 0, 0, 0, 0, 0, 0, 0, 0, 0, 0, 0, 0, 0],
    &[0, 0, 0, 0, 0, 0, 0, 0, 0, 0, 0, 0, 0, 0, 0, 0, 0],
    &[0, 0, 0, 0, 0, 0, 0, 0, 0, 0, 0, 0, 0, 0, 0, 0, 0],
    &[0, 0, 0, 0, 0, 0, 0, 0, 0, 0, 0, 0, 0, 0, 0, 0, 0],
    &[0, 0, 0, 0, 0, 138, 147, 10, 0, 0, 0, 0, 0, 0, 0, 0, 0],
]