&[
    &[0, 0, 0, 0, 25, 106, 18, 0, 0, 0, 49, 96, 1, 0, 0, 0, 0],
    &[0, 0, 0, 0, 136, 255, 119, 0, 0, 0, 205, 255, 49, 0, 0, 0, 0],
    &[0, 0, 0, 0, 82, 228, 67, 0, 0, 0, 140, 218, 17, 0, 0, 0, 0],
    &[0, 0, 0, 0, 0, 0, 0, 0, 0, 0, 0, 0, 0, 0, 0, 0, 0],
    &[0, 0, 0, 0, 0, 0, 0, 0, 0, 0, 0, 0, 0, 0, 0, 0, 0],
    &[0, 0, 11, 71, 71, 71, 71, 71, 71, 71, 71, 71, 71, 60, 0, 0, 0],
    &[0, 0, 42, 255, 255, 255, 255, 255, 255, 255, 255, 255, 255, 217, 0, 0, 0],
    &[0, 0, 42, 255, 121, 32, 32, 32, 32, 32, 32, 32, 32, 27, 0, 0, 0],
    &[0, 0, 42, 255, 102, 0, 0, 0, 0, 0, 0, 0, 0, 0, 0, 0, 0],
    &[0, 0, 42, 255, 102, 0, 0, 0, 0, 0, 0, 0, 0, 0, 0, 0, 0],
    &[0, 0, 42, 255, 102, 0, 0, 0, 0, 0, 0, 0, 0, 0, 0, 0, 0],
    &[0, 0, 42, 255, 102, 0, 0, 0, 0, 0, 0, 0, 0, 0, 0, 0, 0],
    &[0, 0, 42, 255, 102, 0, 0, 0, 0, 0, 0, 0, 0, 0, 0, 0, 0],
    &[0, 0, 42, 255, 102, 0, 0, 0, 0, 0, 0, 0, 0, 0, 0, 0, 0],
    &[0, 0, 42, 255, 229, 211, 211, 211, 211, 211, 211, 211, 211, 65, 0, 0, 0],
    &[0, 0, 42, 255, 191, 147, 147, 147, 147, 147, 147, 147, 147, 45, 0, 0, 0],
    &[0, 0, 42, 255, 102, 0, 0, 0, 0, 0, 0, 0, 0, 0, 0, 0, 0],
    &[0, 0, 42, 255, 102, 0, 0, 0, 0, 0, 0, 0, 0, 0, 0, 0, 0],
    &[0, 0, 42, 255, 102, 0, 0, 0, 0, 0, 0, 0, 0, 0, 0, 0, 0],
    &[0, 0, 42, 255, 102, 0, 0, 0, 0, 0, 0, 0, 0, 0, 0, 0, 0],
    &[0, 0, 42, 255, 102, 0, 0, 0, 0, 0, 0, 0, 0, 0, 0, 0, 0],
    &[0, 0, 42, 255, 102, 0, 0, 0, 0, 0, 0, 0, 0, 0, 0, 0, 0],
    &[0, 0, 42, 255, 102, 0, 0, 0, 0, 0, 0, 0, 0, 0, 0, 0, 0],
    &[0, 0, 42, 255, 168, 110, 110, 110, 110, 110, 110, 110, 110, 93, 0, 0, 0],
    &[0, 0, 42, 255, 255, 255, 255, 255, 255, 255, 255, 255, 255, 217, 0, 0, 0],
    &[0, 0, 0, 0, 0, 0, 0, 0, 0, 0, 0, 0, 0, 0, 0, 0, 0],
    &[0, 0, 0, 0, 0, 0, 0, 0, 0, 0, 0, 0, 0, 0, 0, 0, 0],
    &[0, 0, 0, 0, 0, 0, 0, 0, 0, 0, 0, 0, 0, 0, 0, 0, 0],
    &[0, 0, 0, 0, 0, 0, 0, 0, 0, 0, 0, 0, 0, 0, 0, 0, 0],
    &[0, 0, 0, 0, 0, 0, 0, 0, 0, 0, 0, 0, 0, 0, 0, 0, 0],
    &[0, 0, 0, 0, 0, 0, 0, 0, 0, 0, 0, 0, 0, 0, 0, 0, 0],
    &[0, 0, 0, 0, 0, 0, 0, 0, 0, 0, 0, 0, 0, 0, 0, 0, 0],
]