&[
    &[0, 0, 0, 0, 0, 0, 0, 0, 135, 255, 255, 255, 179, 5, 0, 0, 0],
    &[0, 0, 0, 0, 0, 0, 0, 49, 250, 255, 255, 180, 7, 0, 0, 0, 0],
    &[0, 0, 0, 0, 0, 0, 8, 212, 255, 255, 165, 4, 0, 0, 0, 0, 0],
    &[0, 0, 0, 0, 0, 0, 143, 255, 255, 134, 1, 0, 0, 0, 0, 0, 0],
    &[0, 0, 0, 0, 0, 0, 19, 26, 23, 0, 0, 0, 0, 0, 0, 0, 0],
    &[0, 0, 40, 71, 71, 71, 71, 71, 71, 71, 71, 71, 71, 54, 0, 0, 0],
    &[0, 0, 145, 255, 255, 255, 255, 255, 255, 255, 255, 255, 255, 197, 0, 0, 0],
    &[0, 0, 145, 255, 255, 255, 255, 255, 255, 255, 255, 255, 255, 197, 0, 0, 0],
    &[0, 0, 66, 139, 168, 198, 248, 255, 255, 253, 202, 173, 144, 91, 0, 0, 0],
    &[0, 0, 0, 0, 0, 0, 209, 255, 255, 239, 0, 0, 0, 0, 0, 0, 0],
    &[0, 0, 0, 0, 0, 0, 209, 255, 255, 239, 0, 0, 0, 0, 0, 0, 0],
    &[0, 0, 0, 0, 0, 0, 209, 255, 255, 239, 0, 0, 0, 0, 0, 0, 0],
    &[0, 0, 0, 0, 0, 0, 209, 255, 255, 239, 0, 0, 0, 0, 0, 0, 0],
    &[0, 0, 0, 0, 0, 0, 209, 255, 255, 239, 0, 0, 0, 0, 0, 0, 0],
    &[0, 0, 0, 0, 0, 0, 209, 255, 255, 239, 0, 0, 0, 0, 0, 0, 0],
    &[0, 0, 0, 0, 0, 0, 209, 255, 255, 239, 0, 0, 0, 0, 0, 0, 0],
    &[0, 0, 0, 0, 0, 0, 209, 255, 255, 239, 0, 0, 0, 0, 0, 0, 0],
    &[0, 0, 0, 0, 0, 0, 209, 255, 255, 239, 0, 0, 0, 0, 0, 0, 0],
    &[0, 0, 0, 0, 0, 0, 209, 255, 255, 239, 0, 0, 0, 0, 0, 0, 0],
    &[0, 0, 0, 0, 0, 0, 209, 255, 255, 239, 0, 0, 0, 0, 0, 0, 0],
    &[0, 0, 0, 0, 0, 0, 209, 255, 255, 239, 0, 0, 0, 0, 0, 0, 0],
    &[0, 0, 0, 0, 0, 13, 214, 255, 255, 241, 17, 0, 0, 0, 0, 0, 0],
    &[0, 0, 106, 210, 240, 255, 255, 255, 255, 255, 255, 244, 215, 146, 0, 0, 0],
    &[0, 0, 145, 255, 255, 255, 255, 255, 255, 255, 255, 255, 255, 197, 0, 0, 0],
    &[0, 0, 145, 255, 255, 255, 255, 255, 255, 255, 255, 255, 255, 197, 0, 0, 0],
    &[0, 0, 0, 0, 0, 0, 0, 0, 0, 0, 0, 0, 0, 0, 0, 0, 0],
    &[0, 0, 0, 0, 0, 0, 0, 0, 0, 0, 0, 0, 0, 0, 0, 0, 0],
    &[0, 0, 0, 0, 0, 0, 0, 0, 0, 0, 0, 0, 0, 0, 0, 0, 0],
    &[0, 0, 0, 0, 0, 0, 0, 0, 0, 0, 0, 0, 0, 0, 0, 0, 0],
    &[0, 0, 0, 0, 0, 0, 0, 0, 0, 0, 0, 0, 0, 0, 0, 0, 0],
    &[0, 0, 0, 0, 0, 0, 0, 0, 0, 0, 0, 0, 0, 0, 0, 0, 0],
    &[0, 0, 0, 0, 0, 0, 0, 0, 8, 55, 55, 55, 55, 9, 0, 0, 0],
]