&[
    &[0, 0, 0, 0, 0, 0, 63, 239, 39, 0, 0, 0],
    &[0, 0, 0, 0, 0, 21, 219, 67, 0, 0, 0, 0],
    &[0, 0, 0, 0, 6, 185, 69, 0, 0, 0, 0, 0],
    &[0, 0, 0, 0, 0, 4, 0, 0, 0, 0, 0, 0],
    &[0, 0, 63, 144, 144, 144, 144, 144, 120, 0, 0, 0],
    &[0, 0, 25, 68, 83, 231, 129, 74, 50, 0, 0, 0],
    &[0, 0, 0, 0, 0, 217, 64, 0, 0, 0, 0, 0],
    &[0, 0, 0, 0, 0, 217, 64, 0, 0, 0, 0, 0],
    &[0, 0, 0, 0, 0, 217, 64, 0, 0, 0, 0, 0],
    &[0, 0, 0, 0, 0, 217, 64, 0, 0, 0, 0, 0],
    &[0, 0, 0, 0, 0, 217, 64, 0, 0, 0, 0, 0],
    &[0, 0, 0, 0, 0, 217, 64, 0, 0, 0, 0, 0],
    &[0, 0, 0, 0, 0, 217, 64, 0, 0, 0, 0, 0],
    &[0, 0, 0, 0, 0, 217, 64, 0, 0, 0, 0, 0],
    &[0, 0, 0, 0, 0, 217, 64, 0, 0, 0, 0, 0],
    &[0, 0, 0, 0, 0, 217, 64, 0, 0, 0, 0, 0],
    &[0, 0, 0, 0, 0, 217, 64, 0, 0, 0, 0, 0],
    &[0, 0, 88, 213, 228, 253, 238, 219, 171, 0, 0, 0],
    &[0, 0, 0, 0, 0, 0, 0, 0, 0, 0, 0, 0],
    &[0, 0, 0, 0, 0, 0, 0, 0, 0, 0, 0, 0],
    &[0, 0, 0, 0, 0, 0, 0, 0, 0, 0, 0, 0],
    &[0, 0, 0, 0, 0, 0, 0, 2, 1, 0, 0, 0],
]