&[
    &[0, 0, 0, 0, 0, 0, 40, 157, 157, 153, 20, 0, 0],
    &[0, 0, 0, 0, 0, 1, 193, 255, 252, 93, 0, 0, 0],
    &[0, 0, 0, 0, 0, 115, 255, 248, 82, 0, 0, 0, 0],
    &[0, 0, 0, 0, 14, 184, 188, 59, 0, 0, 0, 0, 0],
    &[0, 0, 0, 0, 0, 0, 0, 0, 0, 0, 0, 0, 0],
    &[0, 27, 254, 254, 254, 254, 254, 254, 254, 254, 180, 0, 0],
    &[0, 28, 255, 255, 255, 255, 255, 255, 255, 255, 181, 0, 0],
    &[0, 3, 45, 74, 130, 255, 255, 215, 90, 62, 26, 0, 0],
    &[0, 0, 0, 0, 48, 255, 255, 186, 0, 0, 0, 0, 0],
    &[0, 0, 0, 0, 48, 255, 255, 186, 0, 0, 0, 0, 0],
    &[0, 0, 0, 0, 48, 255, 255, 186, 0, 0, 0, 0, 0],
    &[0, 0, 0, 0, 48, 255, 255, 186, 0, 0, 0, 0, 0],
    &[0, 0, 0, 0, 48, 255, 255, 186, 0, 0, 0, 0, 0],
    &[0, 0, 0, 0, 48, 255, 255, 186, 0, 0, 0, 0, 0],
    &[0, 0, 0, 0, 48, 255, 255, 186, 0, 0, 0, 0, 0],
    &[0, 0, 0, 0, 48, 255, 255, 186, 0, 0, 0, 0, 0],
    &[0, 0, 0, 0, 48, 255, 255, 186, 0, 0, 0, 0, 0],
    &[0, 2, 43, 73, 129, 255, 255, 215, 89, 60, 25, 0, 0],
    &[0, 28, 255, 255, 255, 255, 255, 255, 255, 255, 181, 0, 0],
    &[0, 28, 255, 255, 255, 255, 255, 255, 255, 255, 181, 0, 0],
    &[0, 0, 0, 0, 0, 0, 0, 0, 0, 0, 0, 0, 0],
    &[0, 0, 0, 0, 0, 0, 0, 0, 0, 0, 0, 0, 0],
    &[0, 0, 0, 0, 0, 0, 0, 0, 0, 0, 0, 0, 0],
    &[0, 0, 0, 0, 0, 0, 0, 0, 0, 0, 0, 0, 0],
]