&[
    &[0, 0, 43, 71, 0, 2, 108, 3, 0, 0],
    &[0, 0, 98, 151, 0, 14, 218, 16, 0, 0],
    &[0, 0, 0, 0, 0, 0, 0, 0, 0, 0],
    &[0, 0, 91, 108, 108, 108, 108, 47, 0, 0],
    &[0, 0, 55, 79, 200, 131, 73, 27, 0, 0],
    &[0, 0, 0, 0, 169, 67, 0, 0, 0, 0],
    &[0, 0, 0, 0, 169, 67, 0, 0, 0, 0],
    &[0, 0, 0, 0, 169, 67, 0, 0, 0, 0],
    &[0, 0, 0, 0, 169, 67, 0, 0, 0, 0],
    &[0, 0, 0, 0, 169, 67, 0, 0, 0, 0],
    &[0, 0, 0, 0, 169, 67, 0, 0, 0, 0],
    &[0, 0, 0, 0, 169, 67, 0, 0, 0, 0],
    &[0, 0, 0, 0, 169, 67, 0, 0, 0, 0],
    &[0, 0, 0, 0, 169, 67, 0, 0, 0, 0],
    &[0, 0, 146, 188, 236, 211, 182, 75, 0, 0],
    &[0, 0, 0, 0, 0, 0, 0, 0, 0, 0],
    &[0, 0, 0, 0, 0, 0, 0, 0, 0, 0],
    &[0, 0, 0, 0, 0, 0, 0, 0, 0, 0],
]