&[
    &[0, 0, 0, 0, 0, 0, 0, 0, 0, 0, 0, 0, 0, 0, 0, 0, 0, 0, 0, 0, 0, 0, 0, 0, 0, 0, 0, 0, 0, 0, 0, 0, 0],
    &[0, 0, 0, 0, 0, 0, 0, 0, 0, 0, 0, 0, 0, 0, 0, 0, 0, 0, 0, 0, 0, 0, 0, 0, 0, 0, 0, 0, 0, 0, 0, 0, 0],
    &[0, 0, 0, 0, 0, 0, 0, 0, 0, 0, 0, 0, 0, 0, 0, 0, 0, 0, 0, 0, 0, 0, 0, 0, 0, 0, 0, 0, 0, 0, 0, 0, 0],
    &[0, 0, 0, 0, 0, 0, 0, 0, 0, 0, 0, 0, 0, 0, 0, 0, 0, 0, 0, 0, 0, 0, 0, 0, 0, 0, 0, 0, 0, 0, 0, 0, 0],
    &[0, 0, 0, 0, 0, 0, 0, 0, 0, 0, 0, 0, 0, 0, 0, 0, 0, 0, 0, 0, 0, 0, 0, 0, 0, 0, 0, 0, 0, 0, 0, 0, 0],
    &[0, 0, 0, 0, 0, 0, 0, 0, 0, 0, 0, 0, 0, 0, 0, 0, 0, 0, 0, 0, 0, 0, 0, 0, 0, 0, 0, 0, 0, 0, 0, 0, 0],
    &[0, 0, 0, 0, 0, 0, 0, 0, 0, 0, 0, 0, 0, 0, 0, 0, 0, 0, 0, 0, 0, 0, 0, 0, 0, 0, 0, 0, 0, 0, 0, 0, 0],
    &[0, 0, 0, 0, 0, 0, 0, 0, 0, 0, 0, 0, 0, 0, 0, 0, 0, 0, 0, 0, 0, 0, 0, 0, 0, 0, 0, 0, 0, 0, 0, 0, 0],
    &[0, 0, 0, 0, 0, 0, 0, 0, 0, 0, 0, 0, 0, 0, 0, 0, 0, 0, 0, 0, 0, 0, 0, 0, 0, 0, 0, 0, 0, 0, 0, 0, 0],
    &[0, 0, 0, 0, 0, 0, 0, 0, 0, 0, 0, 0, 0, 0, 0, 0, 0, 0, 0, 0, 0, 0, 0, 0, 0, 0, 0, 0, 0, 0, 0, 0, 0],
    &[0, 0, 0, 0, 0, 0, 0, 0, 0, 0, 0, 0, 0, 0, 0, 0, 0, 0, 0, 0, 0, 0, 0, 0, 0, 0, 0, 0, 0, 0, 0, 0, 0],
    &[0, 0, 0, 0, 0, 0, 139, 142, 142, 142, 142, 142, 142, 142, 140, 128, 115, 90, 46, 7, 0, 0, 0, 0, 0, 0, 0, 0, 0, 0, 0, 0, 0],
    &[0, 0, 0, 0, 0, 0, 250, 255, 255, 255, 255, 255, 255, 255, 255, 255, 255, 255, 255, 247, 179, 97, 8, 0, 0, 0, 0, 0, 0, 0, 0, 0, 0],
    &[0, 0, 0, 0, 0, 0, 250, 255, 255, 255, 255, 255, 255, 255, 255, 255, 255, 255, 255, 255, 255, 255, 231, 113, 3, 0, 0, 0, 0, 0, 0, 0, 0],
    &[0, 0, 0, 0, 0, 0, 250, 255, 255, 82, 50, 50, 50, 50, 57, 70, 92, 134, 185, 249, 255, 255, 255, 255, 199, 35, 0, 0, 0, 0, 0, 0, 0],
    &[0, 0, 0, 0, 0, 0, 250, 255, 255, 39, 0, 0, 0, 0, 0, 0, 0, 0, 0, 13, 101, 219, 255, 255, 255, 233, 47, 0, 0, 0, 0, 0, 0],
    &[0, 0, 0, 0, 0, 0, 250, 255, 255, 39, 0, 0, 0, 0, 0, 0, 0, 0, 0, 0, 0, 4, 127, 251, 255, 255, 238, 35, 0, 0, 0, 0, 0],
    &[0, 0, 0, 0, 0, 0, 250, 255, 255, 39, 0, 0, 0, 0, 0, 0, 0, 0, 0, 0, 0, 0, 0, 72, 247, 255, 255, 207, 8, 0, 0, 0, 0],
    &[0, 0, 0, 0, 0, 0, 250, 255, 255, 39, 0, 0, 0, 0, 0, 0, 0, 0, 0, 0, 0, 0, 0, 0, 78, 254, 255, 255, 127, 0, 0, 0, 0],
    &[0, 0, 0, 0, 0, 0, 250, 255, 255, 39, 0, 0, 0, 0, 0, 0, 0, 0, 0, 0, 0, 0, 0, 0, 0, 144, 255, 255, 243, 24, 0, 0, 0],
    &[0, 0, 0, 0, 0, 0, 250, 255, 255, 39, 0, 0, 0, 0, 0, 0, 0, 0, 0, 0, 0, 0, 0, 0, 0, 15, 237, 255, 255, 129, 0, 0, 0],
    &[0, 0, 0, 0, 0, 0, 250, 255, 255, 39, 0, 0, 0, 0, 0, 0, 0, 0, 0, 0, 0, 0, 0, 0, 0, 0, 125, 255, 255, 225, 2, 0, 0],
    &[0, 0, 0, 0, 0, 0, 250, 255, 255, 39, 0, 0, 0, 0, 0, 0, 0, 0, 0, 0, 0, 0, 0, 0, 0, 0, 32, 254, 255, 255, 57, 0, 0],
    &[0, 0, 0, 0, 0, 0, 250, 255, 255, 39, 0, 0, 0, 0, 0, 0, 0, 0, 0, 0, 0, 0, 0, 0, 0, 0, 0, 202, 255, 255, 121, 0, 0],
    &[0, 0, 0, 0, 0, 0, 250, 255, 255, 39, 0, 0, 0, 0, 0, 0, 0, 0, 0, 0, 0, 0, 0, 0, 0, 0, 0, 142, 255, 255, 182, 0, 0],
    &[0, 0, 0, 0, 0, 0, 250, 255, 255, 39, 0, 0, 0, 0, 0, 0, 0, 0, 0, 0, 0, 0, 0, 0, 0, 0, 0, 88, 255, 255, 222, 0, 0],
    &[0, 0, 0, 0, 0, 0, 250, 255, 255, 39, 0, 0, 0, 0, 0, 0, 0, 0, 0, 0, 0, 0, 0, 0, 0, 0, 0, 53, 255, 255, 251, 4, 0],
    &[0, 0, 0, 0, 0, 0, 250, 255, 255, 39, 0, 0, 0, 0, 0, 0, 0, 0, 0, 0, 0, 0, 0, 0, 0, 0, 0, 22, 255, 255, 255, 30, 0],
    &[0, 0, 0, 0, 0, 0, 250, 255, 255, 39, 0, 0, 0, 0, 0, 0, 0, 0, 0, 0, 0, 0, 0, 0, 0, 0, 0, 4, 255, 255, 255, 42, 0],
    &[0, 202, 202, 202, 202, 202, 255, 255, 255, 241, 202, 202, 202, 202, 202, 202, 67, 0, 0, 0, 0, 0, 0, 0, 0, 0, 0, 0, 251, 255, 255, 52, 0],
    &[0, 255, 255, 255, 255, 255, 255, 255, 255, 255, 255, 255, 255, 255, 255, 255, 85, 0, 0, 0, 0, 0, 0, 0, 0, 0, 0, 0, 245, 255, 255, 58, 0],
    &[0, 246, 246, 246, 246, 246, 255, 255, 255, 255, 246, 246, 246, 246, 246, 246, 82, 0, 0, 0, 0, 0, 0, 0, 0, 0, 0, 2, 254, 255, 255, 49, 0],
    &[0, 0, 0, 0, 0, 0, 250, 255, 255, 39, 0, 0, 0, 0, 0, 0, 0, 0, 0, 0, 0, 0, 0, 0, 0, 0, 0, 16, 255, 255, 255, 38, 0],
    &[0, 0, 0, 0, 0, 0, 250, 255, 255, 39, 0, 0, 0, 0, 0, 0, 0, 0, 0, 0, 0, 0, 0, 0, 0, 0, 0, 31, 255, 255, 255, 24, 0],
    &[0, 0, 0, 0, 0, 0, 250, 255, 255, 39, 0, 0, 0, 0, 0, 0, 0, 0, 0, 0, 0, 0, 0, 0, 0, 0, 0, 54, 255, 255, 246, 1, 0],
    &[0, 0, 0, 0, 0, 0, 250, 255, 255, 39, 0, 0, 0, 0, 0, 0, 0, 0, 0, 0, 0, 0, 0, 0, 0, 0, 0, 103, 255, 255, 213, 0, 0],
    &[0, 0, 0, 0, 0, 0, 250, 255, 255, 39, 0, 0, 0, 0, 0, 0, 0, 0, 0, 0, 0, 0, 0, 0, 0, 0, 0, 155, 255, 255, 171, 0, 0],
    &[0, 0, 0, 0, 0, 0, 250, 255, 255, 39, 0, 0, 0, 0, 0, 0, 0, 0, 0, 0, 0, 0, 0, 0, 0, 0, 0, 208, 255, 255, 109, 0, 0],
    &[0, 0, 0, 0, 0, 0, 250, 255, 255, 39, 0, 0, 0, 0, 0, 0, 0, 0, 0, 0, 0, 0, 0, 0, 0, 0, 40, 255, 255, 255, 46, 0, 0],
    &[0, 0, 0, 0, 0, 0, 250, 255, 255, 39, 0, 0, 0, 0, 0, 0, 0, 0, 0, 0, 0, 0, 0, 0, 0, 0, 141, 255, 255, 215, 0, 0, 0],
    &[0, 0, 0, 0, 0, 0, 250, 255, 255, 39, 0, 0, 0, 0, 0, 0, 0, 0, 0, 0, 0, 0, 0, 0, 0, 12, 235, 255, 255, 118, 0, 0, 0],
    &[0, 0, 0, 0, 0, 0, 250, 255, 255, 39, 0, 0, 0, 0, 0, 0, 0, 0, 0, 0, 0, 0, 0, 0, 0, 151, 255, 255, 240, 19, 0, 0, 0],
    &[0, 0, 0, 0, 0, 0, 250, 255, 255, 39, 0, 0, 0, 0, 0, 0, 0, 0, 0, 0, 0, 0, 0, 0, 69, 254, 255, 255, 120, 0, 0, 0, 0],
    &[0, 0, 0, 0, 0, 0, 250, 255, 255, 39, 0, 0, 0, 0, 0, 0, 0, 0, 0, 0, 0, 0, 0, 61, 238, 255, 255, 209, 8, 0, 0, 0, 0],
    &[0, 0, 0, 0, 0, 0, 250, 255, 255, 39, 0, 0, 0, 0, 0, 0, 0, 0, 0, 0, 0, 0, 87, 247, 255, 255, 242, 37, 0, 0, 0, 0, 0],
    &[0, 0, 0, 0, 0, 0, 250, 255, 255, 39, 0, 0, 0, 0, 0, 0, 0, 0, 0, 0, 58, 190, 255, 255, 255, 241, 61, 0, 0, 0, 0, 0, 0],
    &[0, 0, 0, 0, 0, 0, 250, 255, 255, 39, 0, 0, 0, 0, 0, 0, 15, 68, 135, 202, 255, 255, 255, 255, 225, 52, 0, 0, 0, 0, 0, 0, 0],
    &[0, 0, 0, 0, 0, 0, 250, 255, 255, 214, 206, 206, 206, 212, 231, 250, 255, 255, 255, 255, 255, 255, 253, 157, 14, 0, 0, 0, 0, 0, 0, 0, 0],
    &[0, 0, 0, 0, 0, 0, 250, 255, 255, 255, 255, 255, 255, 255, 255, 255, 255, 255, 255, 255, 241, 156, 38, 0, 0, 0, 0, 0, 0, 0, 0, 0, 0],
    &[0, 0, 0, 0, 0, 0, 250, 255, 255, 255, 255, 255, 255, 255, 245, 232, 215, 175, 132, 70, 6, 0, 0, 0, 0, 0, 0, 0, 0, 0, 0, 0, 0],
    &[0, 0, 0, 0, 0, 0, 0, 0, 0, 0, 0, 0, 0, 0, 0, 0, 0, 0, 0, 0, 0, 0, 0, 0, 0, 0, 0, 0, 0, 0, 0, 0, 0],
    &[0, 0, 0, 0, 0, 0, 0, 0, 0, 0, 0, 0, 0, 0, 0, 0, 0, 0, 0, 0, 0, 0, 0, 0, 0, 0, 0, 0, 0, 0, 0, 0, 0],
    &[0, 0, 0, 0, 0, 0, 0, 0, 0, 0, 0, 0, 0, 0, 0, 0, 0, 0, 0, 0, 0, 0, 0, 0, 0, 0, 0, 0, 0, 0, 0, 0, 0],
    &[0, 0, 0, 0, 0, 0, 0, 0, 0, 0, 0, 0, 0, 0, 0, 0, 0, 0, 0, 0, 0, 0, 0, 0, 0, 0, 0, 0, 0, 0, 0, 0, 0],
    &[0, 0, 0, 0, 0, 0, 0, 0, 0, 0, 0, 0, 0, 0, 0, 0, 0, 0, 0, 0, 0, 0, 0, 0, 0, 0, 0, 0, 0, 0, 0, 0, 0],
    &[0, 0, 0, 0, 0, 0, 0, 0, 0, 0, 0, 0, 0, 0, 0, 0, 0, 0, 0, 0, 0, 0, 0, 0, 0, 0, 0, 0, 0, 0, 0, 0, 0],
    &[0, 0, 0, 0, 0, 0, 0, 0, 0, 0, 0, 0, 0, 0, 0, 0, 0, 0, 0, 0, 0, 0, 0, 0, 0, 0, 0, 0, 0, 0, 0, 0, 0],
    &[0, 0, 0, 0, 0, 0, 0, 0, 0, 0, 0, 0, 0, 0, 0, 0, 0, 0, 0, 0, 0, 0, 0, 0, 0, 0, 0, 0, 0, 0, 0, 0, 0],
    &[0, 0, 0, 0, 0, 0, 0, 0, 0, 0, 0, 0, 0, 0, 0, 0, 0, 0, 0, 0, 0, 0, 0, 0, 0, 0, 0, 0, 0, 0, 0, 0, 0],
    &[0, 0, 0, 0, 0, 0, 0, 0, 0, 0, 0, 0, 0, 0, 0, 0, 0, 0, 0, 0, 0, 0, 0, 0, 0, 0, 0, 0, 0, 0, 0, 0, 0],
    &[0, 0, 0, 0, 0, 0, 0, 0, 0, 0, 0, 0, 0, 0, 0, 0, 0, 0, 0, 0, 0, 0, 0, 0, 0, 0, 0, 0, 0, 0, 0, 0, 0],
    &[0, 0, 0, 0, 0, 0, 0, 0, 0, 0, 0, 0, 0, 0, 0, 0, 0, 0, 0, 0, 0, 0, 0, 0, 0, 0, 0, 0, 0, 0, 0, 0, 0],
    &[0, 0, 0, 0, 0, 0, 0, 0, 0, 0, 0, 0, 0, 0, 0, 0, 0, 0, 0, 0, 0, 0, 0, 0, 0, 0, 0, 0, 0, 0, 0, 0, 0],
    &[0, 0, 0, 0, 0, 0, 0, 0, 0, 0, 0, 0, 0, 0, 0, 0, 0, 0, 0, 0, 0, 0, 0, 0, 0, 0, 0, 0, 0, 0, 0, 0, 0],
]