&[
    &[0, 0, 0, 0, 0, 0, 0, 168, 210, 100, 0, 0, 0],
    &[0, 0, 0, 0, 0, 0, 86, 255, 185, 4, 0, 0, 0],
    &[0, 0, 0, 0, 0, 22, 233, 192, 11, 0, 0, 0, 0],
    &[0, 0, 0, 0, 0, 69, 123, 7, 0, 0, 0, 0, 0],
    &[0, 0, 0, 0, 3, 33, 54, 26, 0, 0, 0, 0, 0],
    &[0, 0, 0, 99, 231, 255, 255, 255, 195, 42, 0, 0, 0],
    &[0, 0, 110, 255, 241, 147, 119, 169, 254, 237, 34, 0, 0],
    &[0, 23, 247, 239, 35, 0, 0, 0, 102, 255, 176, 0, 0],
    &[0, 124, 255, 124, 0, 0, 0, 0, 0, 218, 254, 25, 0],
    &[0, 187, 255, 44, 0, 0, 0, 0, 0, 145, 255, 92, 0],
    &[0, 234, 251, 5, 0, 0, 0, 0, 0, 102, 255, 134, 0],
    &[1, 252, 236, 0, 0, 0, 0, 0, 0, 79, 255, 155, 0],
    &[10, 255, 227, 0, 0, 0, 0, 0, 0, 73, 255, 164, 0],
    &[2, 255, 236, 0, 0, 0, 0, 0, 0, 82, 255, 155, 0],
    &[0, 236, 252, 6, 0, 0, 0, 0, 0, 103, 255, 132, 0],
    &[0, 195, 255, 46, 0, 0, 0, 0, 0, 146, 255, 89, 0],
    &[0, 126, 255, 127, 0, 0, 0, 0, 1, 224, 253, 22, 0],
    &[0, 29, 248, 241, 39, 0, 0, 0, 119, 255, 170, 0, 0],
    &[0, 0, 114, 255, 244, 155, 131, 186, 255, 232, 29, 0, 0],
    &[0, 0, 0, 98, 226, 255, 255, 253, 182, 34, 0, 0, 0],
    &[0, 0, 0, 0, 2, 32, 45, 17, 0, 0, 0, 0, 0],
    &[0, 0, 0, 0, 0, 0, 0, 0, 0, 0, 0, 0, 0],
    &[0, 0, 0, 0, 0, 0, 0, 0, 0, 0, 0, 0, 0],
    &[0, 0, 0, 0, 0, 0, 0, 0, 0, 0, 0, 0, 0],
]