&[
    &[0, 0, 0, 0, 0, 0, 0, 0, 0, 0, 0, 0, 0, 0, 0, 0, 0, 0, 0, 0, 0, 0, 0, 4, 8, 3, 0, 0, 0, 0, 0, 0, 0],
    &[0, 0, 0, 0, 0, 0, 0, 0, 0, 26, 153, 207, 241, 210, 120, 7, 0, 0, 0, 0, 0, 0, 0, 177, 255, 95, 0, 0, 0, 0, 0, 0, 0],
    &[0, 0, 0, 0, 0, 0, 0, 0, 62, 236, 255, 255, 255, 255, 255, 216, 59, 0, 0, 0, 0, 0, 6, 237, 255, 40, 0, 0, 0, 0, 0, 0, 0],
    &[0, 0, 0, 0, 0, 0, 0, 7, 221, 255, 249, 175, 167, 234, 255, 255, 253, 136, 6, 0, 0, 0, 133, 255, 230, 1, 0, 0, 0, 0, 0, 0, 0],
    &[0, 0, 0, 0, 0, 0, 0, 109, 255, 243, 45, 0, 0, 1, 93, 240, 255, 255, 231, 157, 121, 187, 255, 255, 96, 0, 0, 0, 0, 0, 0, 0, 0],
    &[0, 0, 0, 0, 0, 0, 0, 175, 255, 124, 0, 0, 0, 0, 0, 30, 185, 255, 255, 255, 255, 255, 255, 176, 1, 0, 0, 0, 0, 0, 0, 0, 0],
    &[0, 0, 0, 0, 0, 0, 0, 230, 255, 47, 0, 0, 0, 0, 0, 0, 0, 95, 214, 255, 253, 216, 115, 1, 0, 0, 0, 0, 0, 0, 0, 0, 0],
    &[0, 0, 0, 0, 0, 0, 0, 31, 31, 1, 0, 0, 0, 0, 0, 0, 0, 0, 0, 14, 12, 0, 0, 0, 0, 0, 0, 0, 0, 0, 0, 0, 0],
    &[0, 0, 0, 0, 0, 0, 0, 0, 0, 0, 0, 0, 0, 0, 0, 0, 0, 0, 0, 0, 0, 0, 0, 0, 0, 0, 0, 0, 0, 0, 0, 0, 0],
    &[0, 0, 0, 0, 0, 0, 0, 0, 0, 0, 0, 0, 0, 0, 0, 0, 0, 0, 0, 0, 0, 0, 0, 0, 0, 0, 0, 0, 0, 0, 0, 0, 0],
    &[0, 0, 0, 0, 0, 0, 0, 0, 0, 0, 0, 0, 0, 0, 6, 23, 30, 6, 0, 0, 0, 0, 0, 0, 0, 0, 0, 0, 0, 0, 0, 0, 0],
    &[0, 0, 0, 0, 0, 0, 0, 0, 0, 0, 0, 68, 158, 218, 255, 255, 255, 254, 233, 197, 109, 18, 0, 0, 0, 0, 0, 0, 0, 0, 0, 0, 0],
    &[0, 0, 0, 0, 0, 0, 0, 0, 0, 58, 211, 255, 255, 255, 255, 255, 255, 255, 255, 255, 255, 248, 144, 7, 0, 0, 0, 0, 0, 0, 0, 0, 0],
    &[0, 0, 0, 0, 0, 0, 0, 0, 121, 253, 255, 255, 255, 254, 211, 184, 176, 203, 234, 255, 255, 255, 255, 206, 36, 0, 0, 0, 0, 0, 0, 0, 0],
    &[0, 0, 0, 0, 0, 0, 0, 133, 255, 255, 255, 228, 111, 18, 0, 0, 0, 0, 0, 59, 162, 253, 255, 255, 230, 26, 0, 0, 0, 0, 0, 0, 0],
    &[0, 0, 0, 0, 0, 0, 89, 255, 255, 255, 177, 17, 0, 0, 0, 0, 0, 0, 0, 0, 0, 73, 238, 255, 255, 199, 7, 0, 0, 0, 0, 0, 0],
    &[0, 0, 0, 0, 0, 26, 243, 255, 255, 175, 4, 0, 0, 0, 0, 0, 0, 0, 0, 0, 0, 0, 46, 247, 255, 255, 136, 0, 0, 0, 0, 0, 0],
    &[0, 0, 0, 0, 0, 160, 255, 255, 221, 12, 0, 0, 0, 0, 0, 0, 0, 0, 0, 0, 0, 0, 0, 106, 255, 255, 245, 22, 0, 0, 0, 0, 0],
    &[0, 0, 0, 0, 33, 253, 255, 255, 72, 0, 0, 0, 0, 0, 0, 0, 0, 0, 0, 0, 0, 0, 0, 0, 204, 255, 255, 140, 0, 0, 0, 0, 0],
    &[0, 0, 0, 0, 135, 255, 255, 201, 0, 0, 0, 0, 0, 0, 0, 0, 0, 0, 0, 0, 0, 0, 0, 0, 91, 255, 255, 242, 7, 0, 0, 0, 0],
    &[0, 0, 0, 0, 227, 255, 255, 98, 0, 0, 0, 0, 0, 0, 0, 0, 0, 0, 0, 0, 0, 0, 0, 0, 5, 232, 255, 255, 71, 0, 0, 0, 0],
    &[0, 0, 0, 45, 255, 255, 250, 16, 0, 0, 0, 0, 0, 0, 0, 0, 0, 0, 0, 0, 0, 0, 0, 0, 0, 162, 255, 255, 149, 0, 0, 0, 0],
    &[0, 0, 0, 114, 255, 255, 199, 0, 0, 0, 0, 0, 0, 0, 0, 0, 0, 0, 0, 0, 0, 0, 0, 0, 0, 94, 255, 255, 222, 0, 0, 0, 0],
    &[0, 0, 0, 165, 255, 255, 138, 0, 0, 0, 0, 0, 0, 0, 0, 0, 0, 0, 0, 0, 0, 0, 0, 0, 0, 30, 255, 255, 255, 12, 0, 0, 0],
    &[0, 0, 0, 213, 255, 255, 94, 0, 0, 0, 0, 0, 0, 0, 0, 0, 0, 0, 0, 0, 0, 0, 0, 0, 0, 1, 246, 255, 255, 52, 0, 0, 0],
    &[0, 0, 1, 248, 255, 255, 53, 0, 0, 0, 0, 0, 0, 0, 0, 0, 0, 0, 0, 0, 0, 0, 0, 0, 0, 0, 211, 255, 255, 93, 0, 0, 0],
    &[0, 0, 20, 255, 255, 255, 25, 0, 0, 0, 0, 0, 0, 0, 0, 0, 0, 0, 0, 0, 0, 0, 0, 0, 0, 0, 176, 255, 255, 127, 0, 0, 0],
    &[0, 0, 46, 255, 255, 254, 4, 0, 0, 0, 0, 0, 0, 0, 0, 0, 0, 0, 0, 0, 0, 0, 0, 0, 0, 0, 157, 255, 255, 141, 0, 0, 0],
    &[0, 0, 59, 255, 255, 242, 0, 0, 0, 0, 0, 0, 0, 0, 0, 0, 0, 0, 0, 0, 0, 0, 0, 0, 0, 0, 146, 255, 255, 153, 0, 0, 0],
    &[0, 0, 67, 255, 255, 234, 0, 0, 0, 0, 0, 0, 0, 0, 0, 0, 0, 0, 0, 0, 0, 0, 0, 0, 0, 0, 136, 255, 255, 166, 0, 0, 0],
    &[0, 0, 74, 255, 255, 228, 0, 0, 0, 0, 0, 0, 0, 0, 0, 0, 0, 0, 0, 0, 0, 0, 0, 0, 0, 0, 127, 255, 255, 176, 0, 0, 0],
    &[0, 0, 65, 255, 255, 232, 0, 0, 0, 0, 0, 0, 0, 0, 0, 0, 0, 0, 0, 0, 0, 0, 0, 0, 0, 0, 129, 255, 255, 167, 0, 0, 0],
    &[0, 0, 53, 255, 255, 239, 0, 0, 0, 0, 0, 0, 0, 0, 0, 0, 0, 0, 0, 0, 0, 0, 0, 0, 0, 0, 136, 255, 255, 155, 0, 0, 0],
    &[0, 0, 41, 255, 255, 250, 1, 0, 0, 0, 0, 0, 0, 0, 0, 0, 0, 0, 0, 0, 0, 0, 0, 0, 0, 0, 148, 255, 255, 143, 0, 0, 0],
    &[0, 0, 28, 255, 255, 255, 18, 0, 0, 0, 0, 0, 0, 0, 0, 0, 0, 0, 0, 0, 0, 0, 0, 0, 0, 0, 169, 255, 255, 130, 0, 0, 0],
    &[0, 0, 3, 248, 255, 255, 43, 0, 0, 0, 0, 0, 0, 0, 0, 0, 0, 0, 0, 0, 0, 0, 0, 0, 0, 0, 193, 255, 255, 98, 0, 0, 0],
    &[0, 0, 0, 212, 255, 255, 81, 0, 0, 0, 0, 0, 0, 0, 0, 0, 0, 0, 0, 0, 0, 0, 0, 0, 0, 0, 229, 255, 255, 59, 0, 0, 0],
    &[0, 0, 0, 172, 255, 255, 123, 0, 0, 0, 0, 0, 0, 0, 0, 0, 0, 0, 0, 0, 0, 0, 0, 0, 0, 14, 255, 255, 255, 19, 0, 0, 0],
    &[0, 0, 0, 129, 255, 255, 180, 0, 0, 0, 0, 0, 0, 0, 0, 0, 0, 0, 0, 0, 0, 0, 0, 0, 0, 68, 255, 255, 233, 0, 0, 0, 0],
    &[0, 0, 0, 59, 255, 255, 240, 3, 0, 0, 0, 0, 0, 0, 0, 0, 0, 0, 0, 0, 0, 0, 0, 0, 0, 129, 255, 255, 164, 0, 0, 0, 0],
    &[0, 0, 0, 3, 237, 255, 255, 70, 0, 0, 0, 0, 0, 0, 0, 0, 0, 0, 0, 0, 0, 0, 0, 0, 0, 208, 255, 255, 90, 0, 0, 0, 0],
    &[0, 0, 0, 0, 166, 255, 255, 164, 0, 0, 0, 0, 0, 0, 0, 0, 0, 0, 0, 0, 0, 0, 0, 0, 43, 255, 255, 252, 18, 0, 0, 0, 0],
    &[0, 0, 0, 0, 63, 255, 255, 251, 33, 0, 0, 0, 0, 0, 0, 0, 0, 0, 0, 0, 0, 0, 0, 0, 161, 255, 255, 171, 0, 0, 0, 0, 0],
    &[0, 0, 0, 0, 0, 195, 255, 255, 174, 0, 0, 0, 0, 0, 0, 0, 0, 0, 0, 0, 0, 0, 0, 50, 251, 255, 255, 48, 0, 0, 0, 0, 0],
    &[0, 0, 0, 0, 0, 70, 255, 255, 255, 101, 0, 0, 0, 0, 0, 0, 0, 0, 0, 0, 0, 0, 13, 211, 255, 255, 180, 0, 0, 0, 0, 0, 0],
    &[0, 0, 0, 0, 0, 0, 154, 255, 255, 252, 89, 0, 0, 0, 0, 0, 0, 0, 0, 0, 0, 14, 190, 255, 255, 236, 30, 0, 0, 0, 0, 0, 0],
    &[0, 0, 0, 0, 0, 0, 7, 203, 255, 255, 255, 154, 27, 0, 0, 0, 0, 0, 0, 0, 73, 220, 255, 255, 253, 69, 0, 0, 0, 0, 0, 0, 0],
    &[0, 0, 0, 0, 0, 0, 0, 26, 201, 255, 255, 255, 249, 184, 124, 97, 87, 105, 146, 216, 255, 255, 255, 247, 95, 0, 0, 0, 0, 0, 0, 0, 0],
    &[0, 0, 0, 0, 0, 0, 0, 0, 6, 149, 255, 255, 255, 255, 255, 255, 255, 255, 255, 255, 255, 255, 220, 49, 0, 0, 0, 0, 0, 0, 0, 0, 0],
    &[0, 0, 0, 0, 0, 0, 0, 0, 0, 0, 61, 179, 249, 255, 255, 255, 255, 255, 255, 255, 219, 116, 11, 0, 0, 0, 0, 0, 0, 0, 0, 0, 0],
    &[0, 0, 0, 0, 0, 0, 0, 0, 0, 0, 0, 0, 15, 69, 110, 128, 133, 120, 88, 39, 0, 0, 0, 0, 0, 0, 0, 0, 0, 0, 0, 0, 0],
    &[0, 0, 0, 0, 0, 0, 0, 0, 0, 0, 0, 0, 0, 0, 0, 0, 0, 0, 0, 0, 0, 0, 0, 0, 0, 0, 0, 0, 0, 0, 0, 0, 0],
    &[0, 0, 0, 0, 0, 0, 0, 0, 0, 0, 0, 0, 0, 0, 0, 0, 0, 0, 0, 0, 0, 0, 0, 0, 0, 0, 0, 0, 0, 0, 0, 0, 0],
    &[0, 0, 0, 0, 0, 0, 0, 0, 0, 0, 0, 0, 0, 0, 0, 0, 0, 0, 0, 0, 0, 0, 0, 0, 0, 0, 0, 0, 0, 0, 0, 0, 0],
    &[0, 0, 0, 0, 0, 0, 0, 0, 0, 0, 0, 0, 0, 0, 0, 0, 0, 0, 0, 0, 0, 0, 0, 0, 0, 0, 0, 0, 0, 0, 0, 0, 0],
    &[0, 0, 0, 0, 0, 0, 0, 0, 0, 0, 0, 0, 0, 0, 0, 0, 0, 0, 0, 0, 0, 0, 0, 0, 0, 0, 0, 0, 0, 0, 0, 0, 0],
    &[0, 0, 0, 0, 0, 0, 0, 0, 0, 0, 0, 0, 0, 0, 0, 0, 0, 0, 0, 0, 0, 0, 0, 0, 0, 0, 0, 0, 0, 0, 0, 0, 0],
    &[0, 0, 0, 0, 0, 0, 0, 0, 0, 0, 0, 0, 0, 0, 0, 0, 0, 0, 0, 0, 0, 0, 0, 0, 0, 0, 0, 0, 0, 0, 0, 0, 0],
    &[0, 0, 0, 0, 0, 0, 0, 0, 0, 0, 0, 0, 0, 0, 0, 0, 0, 0, 0, 0, 0, 0, 0, 0, 0, 0, 0, 0, 0, 0, 0, 0, 0],
    &[0, 0, 0, 0, 0, 0, 0, 0, 0, 0, 0, 0, 0, 0, 0, 0, 0, 0, 0, 0, 0, 0, 0, 0, 0, 0, 0, 0, 0, 0, 0, 0, 0],
    &[0, 0, 0, 0, 0, 0, 0, 0, 0, 0, 0, 0, 0, 0, 0, 0, 0, 0, 0, 0, 0, 0, 0, 0, 0, 0, 0, 0, 0, 0, 0, 0, 0],
    &[0, 0, 0, 0, 0, 0, 0, 0, 0, 0, 0, 0, 0, 0, 0, 0, 0, 0, 0, 0, 0, 0, 0, 0, 0, 0, 0, 0, 0, 0, 0, 0, 0],
    &[0, 0, 0, 0, 0, 0, 0, 0, 0, 0, 0, 0, 0, 0, 0, 0, 0, 0, 0, 0, 0, 0, 0, 0, 0, 0, 0, 0, 0, 0, 0, 0, 0],
    &[0, 0, 0, 0, 0, 0, 0, 0, 0, 0, 0, 0, 0, 0, 0, 0, 0, 0, 0, 0, 0, 0, 0, 0, 0, 0, 0, 0, 0, 0, 0, 0, 0],
]