&[
    &[0, 0, 0, 0, 0, 0, 0, 0, 0, 0, 0, 0, 0, 0, 0, 0, 0, 0, 0, 0, 0, 0, 0, 0, 0, 0, 0, 0, 0, 0, 0, 0, 0],
    &[0, 0, 0, 0, 0, 0, 0, 0, 0, 0, 0, 0, 0, 0, 0, 0, 0, 0, 0, 0, 0, 0, 0, 0, 0, 0, 0, 0, 0, 0, 0, 0, 0],
    &[0, 0, 0, 0, 0, 0, 0, 0, 0, 0, 0, 0, 0, 0, 0, 0, 0, 0, 0, 0, 0, 0, 0, 0, 0, 0, 0, 0, 0, 0, 0, 0, 0],
    &[0, 0, 0, 0, 0, 0, 0, 0, 0, 0, 0, 0, 0, 0, 0, 0, 0, 0, 0, 0, 0, 0, 0, 0, 0, 0, 0, 0, 0, 0, 0, 0, 0],
    &[0, 0, 0, 0, 0, 0, 0, 0, 0, 0, 0, 0, 0, 0, 0, 0, 0, 0, 0, 0, 0, 0, 0, 0, 0, 0, 0, 0, 0, 0, 0, 0, 0],
    &[0, 0, 0, 0, 0, 0, 0, 0, 0, 0, 0, 0, 0, 0, 0, 0, 0, 0, 0, 0, 0, 0, 0, 0, 0, 0, 0, 0, 0, 0, 0, 0, 0],
    &[0, 0, 0, 0, 0, 0, 0, 0, 0, 0, 0, 0, 0, 0, 0, 0, 0, 0, 0, 0, 0, 0, 0, 0, 0, 0, 0, 0, 0, 0, 0, 0, 0],
    &[0, 0, 0, 0, 0, 0, 0, 0, 0, 0, 0, 0, 0, 0, 0, 0, 0, 0, 0, 0, 0, 0, 0, 0, 0, 0, 0, 0, 0, 0, 0, 0, 0],
    &[0, 0, 0, 0, 0, 0, 0, 0, 0, 0, 0, 0, 0, 0, 0, 0, 0, 0, 0, 0, 0, 0, 0, 0, 0, 0, 0, 0, 0, 0, 0, 0, 0],
    &[0, 0, 0, 0, 0, 0, 0, 0, 0, 0, 0, 0, 0, 0, 0, 0, 0, 0, 0, 0, 0, 0, 0, 0, 0, 0, 0, 65, 20, 0, 0, 0, 0],
    &[0, 0, 0, 0, 0, 0, 0, 0, 0, 0, 0, 0, 0, 5, 25, 41, 44, 20, 1, 0, 0, 0, 0, 0, 0, 0, 29, 241, 234, 85, 0, 0, 0],
    &[0, 0, 0, 0, 0, 0, 0, 0, 0, 0, 48, 142, 202, 248, 255, 255, 255, 255, 250, 224, 154, 68, 3, 0, 0, 0, 186, 255, 255, 255, 173, 23, 0],
    &[0, 0, 0, 0, 0, 0, 0, 0, 48, 194, 255, 255, 255, 255, 255, 255, 255, 255, 255, 255, 255, 255, 231, 89, 0, 103, 255, 255, 255, 255, 255, 125, 0],
    &[0, 0, 0, 0, 0, 0, 0, 115, 252, 255, 255, 255, 255, 255, 255, 255, 255, 255, 255, 255, 255, 255, 255, 255, 209, 255, 255, 255, 255, 255, 210, 6, 0],
    &[0, 0, 0, 0, 0, 0, 139, 255, 255, 255, 255, 255, 255, 255, 255, 255, 255, 255, 255, 255, 255, 255, 255, 255, 255, 255, 255, 255, 255, 251, 49, 0, 0],
    &[0, 0, 0, 0, 0, 103, 255, 255, 255, 255, 255, 255, 255, 255, 255, 255, 255, 255, 255, 255, 255, 255, 255, 255, 255, 255, 255, 255, 255, 129, 0, 0, 0],
    &[0, 0, 0, 0, 37, 249, 255, 255, 255, 255, 255, 255, 255, 255, 255, 255, 255, 255, 255, 255, 255, 255, 255, 255, 255, 255, 255, 255, 208, 5, 0, 0, 0],
    &[0, 0, 0, 0, 183, 255, 255, 255, 255, 255, 255, 255, 255, 255, 216, 171, 151, 183, 247, 255, 255, 255, 255, 255, 255, 255, 255, 255, 73, 0, 0, 0, 0],
    &[0, 0, 0, 51, 255, 255, 255, 255, 255, 255, 255, 255, 229, 77, 0, 0, 0, 0, 21, 162, 255, 255, 255, 255, 255, 255, 255, 255, 153, 0, 0, 0, 0],
    &[0, 0, 0, 159, 255, 255, 255, 255, 255, 255, 255, 241, 31, 0, 0, 0, 0, 0, 0, 0, 195, 255, 255, 255, 255, 255, 255, 255, 247, 11, 0, 0, 0],
    &[0, 0, 6, 243, 255, 255, 255, 255, 255, 255, 255, 95, 0, 0, 0, 0, 0, 0, 0, 2, 212, 255, 255, 255, 255, 255, 255, 255, 255, 84, 0, 0, 0],
    &[0, 0, 68, 255, 255, 255, 255, 255, 255, 255, 227, 1, 0, 0, 0, 0, 0, 0, 0, 117, 255, 255, 255, 255, 255, 255, 255, 255, 255, 166, 0, 0, 0],
    &[0, 0, 136, 255, 255, 255, 255, 255, 255, 255, 141, 0, 0, 0, 0, 0, 0, 0, 41, 247, 255, 255, 255, 255, 255, 255, 255, 255, 255, 239, 0, 0, 0],
    &[0, 0, 186, 255, 255, 255, 255, 255, 255, 255, 61, 0, 0, 0, 0, 0, 0, 3, 201, 255, 255, 255, 255, 255, 255, 255, 255, 255, 255, 255, 28, 0, 0],
    &[0, 0, 235, 255, 255, 255, 255, 255, 255, 255, 17, 0, 0, 0, 0, 0, 0, 121, 255, 255, 255, 255, 255, 255, 255, 255, 255, 255, 255, 255, 70, 0, 0],
    &[0, 14, 255, 255, 255, 255, 255, 255, 255, 233, 0, 0, 0, 0, 0, 0, 44, 249, 255, 255, 255, 255, 255, 255, 255, 255, 255, 255, 255, 255, 112, 0, 0],
    &[0, 41, 255, 255, 255, 255, 255, 255, 255, 195, 0, 0, 0, 0, 0, 4, 205, 255, 255, 255, 255, 248, 140, 255, 255, 255, 255, 255, 255, 255, 146, 0, 0],
    &[0, 67, 255, 255, 255, 255, 255, 255, 255, 177, 0, 0, 0, 0, 0, 126, 255, 255, 255, 255, 255, 121, 69, 255, 255, 255, 255, 255, 255, 255, 159, 0, 0],
    &[0, 79, 255, 255, 255, 255, 255, 255, 255, 166, 0, 0, 0, 0, 47, 250, 255, 255, 255, 255, 202, 3, 57, 255, 255, 255, 255, 255, 255, 255, 172, 0, 0],
    &[0, 87, 255, 255, 255, 255, 255, 255, 255, 155, 0, 0, 0, 5, 208, 255, 255, 255, 255, 248, 42, 0, 49, 255, 255, 255, 255, 255, 255, 255, 184, 0, 0],
    &[0, 94, 255, 255, 255, 255, 255, 255, 255, 145, 0, 0, 0, 130, 255, 255, 255, 255, 255, 119, 0, 0, 42, 255, 255, 255, 255, 255, 255, 255, 196, 0, 0],
    &[0, 86, 255, 255, 255, 255, 255, 255, 255, 151, 0, 0, 51, 251, 255, 255, 255, 255, 200, 3, 0, 0, 50, 255, 255, 255, 255, 255, 255, 255, 189, 0, 0],
    &[0, 74, 255, 255, 255, 255, 255, 255, 255, 162, 0, 7, 212, 255, 255, 255, 255, 247, 40, 0, 0, 0, 61, 255, 255, 255, 255, 255, 255, 255, 176, 0, 0],
    &[0, 61, 255, 255, 255, 255, 255, 255, 255, 173, 0, 135, 255, 255, 255, 255, 255, 117, 0, 0, 0, 0, 72, 255, 255, 255, 255, 255, 255, 255, 164, 0, 0],
    &[0, 49, 255, 255, 255, 255, 255, 255, 255, 186, 54, 252, 255, 255, 255, 255, 199, 2, 0, 0, 0, 0, 86, 255, 255, 255, 255, 255, 255, 255, 151, 0, 0],
    &[0, 25, 255, 255, 255, 255, 255, 255, 255, 228, 215, 255, 255, 255, 255, 247, 39, 0, 0, 0, 0, 0, 121, 255, 255, 255, 255, 255, 255, 255, 127, 0, 0],
    &[0, 0, 238, 255, 255, 255, 255, 255, 255, 255, 255, 255, 255, 255, 255, 115, 0, 0, 0, 0, 0, 0, 162, 255, 255, 255, 255, 255, 255, 255, 85, 0, 0],
    &[0, 0, 196, 255, 255, 255, 255, 255, 255, 255, 255, 255, 255, 255, 197, 2, 0, 0, 0, 0, 0, 0, 203, 255, 255, 255, 255, 255, 255, 255, 43, 0, 0],
    &[0, 0, 154, 255, 255, 255, 255, 255, 255, 255, 255, 255, 255, 246, 38, 0, 0, 0, 0, 0, 0, 21, 251, 255, 255, 255, 255, 255, 255, 251, 5, 0, 0],
    &[0, 0, 93, 255, 255, 255, 255, 255, 255, 255, 255, 255, 255, 113, 0, 0, 0, 0, 0, 0, 0, 106, 255, 255, 255, 255, 255, 255, 255, 196, 0, 0, 0],
    &[0, 0, 16, 250, 255, 255, 255, 255, 255, 255, 255, 255, 195, 2, 0, 0, 0, 0, 0, 0, 2, 205, 255, 255, 255, 255, 255, 255, 255, 113, 0, 0, 0],
    &[0, 0, 0, 185, 255, 255, 255, 255, 255, 255, 255, 255, 42, 0, 0, 0, 0, 0, 0, 0, 119, 255, 255, 255, 255, 255, 255, 255, 255, 32, 0, 0, 0],
    &[0, 0, 0, 93, 255, 255, 255, 255, 255, 255, 255, 255, 169, 17, 0, 0, 0, 0, 0, 96, 249, 255, 255, 255, 255, 255, 255, 255, 195, 0, 0, 0, 0],
    &[0, 0, 0, 2, 255, 255, 255, 255, 255, 255, 255, 255, 255, 230, 130, 85, 69, 112, 187, 255, 255, 255, 255, 255, 255, 255, 255, 255, 61, 0, 0, 0, 0],
    &[0, 0, 0, 13, 255, 255, 255, 255, 255, 255, 255, 255, 255, 255, 255, 255, 255, 255, 255, 255, 255, 255, 255, 255, 255, 255, 255, 177, 0, 0, 0, 0, 0],
    &[0, 0, 0, 153, 255, 255, 255, 255, 255, 255, 255, 255, 255, 255, 255, 255, 255, 255, 255, 255, 255, 255, 255, 255, 255, 255, 235, 34, 0, 0, 0, 0, 0],
    &[0, 0, 70, 255, 255, 255, 255, 255, 255, 255, 255, 255, 255, 255, 255, 255, 255, 255, 255, 255, 255, 255, 255, 255, 255, 245, 55, 0, 0, 0, 0, 0, 0],
    &[0, 14, 226, 255, 255, 255, 255, 255, 255, 255, 255, 255, 255, 255, 255, 255, 255, 255, 255, 255, 255, 255, 255, 255, 238, 71, 0, 0, 0, 0, 0, 0, 0],
    &[0, 157, 255, 255, 255, 255, 255, 108, 108, 243, 255, 255, 255, 255, 255, 255, 255, 255, 255, 255, 255, 255, 255, 175, 24, 0, 0, 0, 0, 0, 0, 0, 0],
    &[24, 240, 255, 255, 255, 255, 190, 1, 0, 28, 120, 206, 255, 255, 255, 255, 255, 255, 255, 255, 236, 154, 65, 0, 0, 0, 0, 0, 0, 0, 0, 0, 0],
    &[0, 28, 185, 255, 255, 243, 32, 0, 0, 0, 0, 0, 33, 72, 96, 121, 129, 106, 81, 54, 4, 0, 0, 0, 0, 0, 0, 0, 0, 0, 0, 0, 0],
    &[0, 0, 0, 103, 243, 104, 0, 0, 0, 0, 0, 0, 0, 0, 0, 0, 0, 0, 0, 0, 0, 0, 0, 0, 0, 0, 0, 0, 0, 0, 0, 0, 0],
    &[0, 0, 0, 0, 27, 1, 0, 0, 0, 0, 0, 0, 0, 0, 0, 0, 0, 0, 0, 0, 0, 0, 0, 0, 0, 0, 0, 0, 0, 0, 0, 0, 0],
    &[0, 0, 0, 0, 0, 0, 0, 0, 0, 0, 0, 0, 0, 0, 0, 0, 0, 0, 0, 0, 0, 0, 0, 0, 0, 0, 0, 0, 0, 0, 0, 0, 0],
    &[0, 0, 0, 0, 0, 0, 0, 0, 0, 0, 0, 0, 0, 0, 0, 0, 0, 0, 0, 0, 0, 0, 0, 0, 0, 0, 0, 0, 0, 0, 0, 0, 0],
    &[0, 0, 0, 0, 0, 0, 0, 0, 0, 0, 0, 0, 0, 0, 0, 0, 0, 0, 0, 0, 0, 0, 0, 0, 0, 0, 0, 0, 0, 0, 0, 0, 0],
    &[0, 0, 0, 0, 0, 0, 0, 0, 0, 0, 0, 0, 0, 0, 0, 0, 0, 0, 0, 0, 0, 0, 0, 0, 0, 0, 0, 0, 0, 0, 0, 0, 0],
    &[0, 0, 0, 0, 0, 0, 0, 0, 0, 0, 0, 0, 0, 0, 0, 0, 0, 0, 0, 0, 0, 0, 0, 0, 0, 0, 0, 0, 0, 0, 0, 0, 0],
    &[0, 0, 0, 0, 0, 0, 0, 0, 0, 0, 0, 0, 0, 0, 0, 0, 0, 0, 0, 0, 0, 0, 0, 0, 0, 0, 0, 0, 0, 0, 0, 0, 0],
    &[0, 0, 0, 0, 0, 0, 0, 0, 0, 0, 0, 0, 0, 0, 0, 0, 0, 0, 0, 0, 0, 0, 0, 0, 0, 0, 0, 0, 0, 0, 0, 0, 0],
    &[0, 0, 0, 0, 0, 0, 0, 0, 0, 0, 0, 0, 0, 0, 0, 0, 0, 0, 0, 0, 0, 0, 0, 0, 0, 0, 0, 0, 0, 0, 0, 0, 0],
    &[0, 0, 0, 0, 0, 0, 0, 0, 0, 0, 0, 0, 0, 0, 0, 0, 0, 0, 0, 0, 0, 0, 0, 0, 0, 0, 0, 0, 0, 0, 0, 0, 0],
    &[0, 0, 0, 0, 0, 0, 0, 0, 0, 0, 0, 0, 0, 0, 0, 0, 0, 0, 0, 0, 0, 0, 0, 0, 0, 0, 0, 0, 0, 0, 0, 0, 0],
    &[0, 0, 0, 0, 0, 0, 0, 0, 0, 0, 0, 0, 0, 0, 0, 0, 0, 0, 0, 0, 0, 0, 0, 0, 0, 0, 0, 0, 0, 0, 0, 0, 0],
]