&[
    &[0, 0, 0, 0, 0, 0, 0],
    &[0, 0, 0, 0, 0, 0, 0],
    &[0, 0, 0, 0, 0, 8, 0],
    &[0, 56, 160, 154, 166, 153, 0],
    &[8, 171, 3, 0, 175, 171, 0],
    &[71, 95, 0, 34, 123, 171, 0],
    &[105, 59, 0, 146, 11, 165, 6],
    &[109, 57, 64, 94, 0, 159, 7],
    &[78, 91, 154, 1, 0, 165, 0],
    &[14, 255, 59, 0, 28, 149, 0],
    &[14, 228, 163, 132, 166, 22, 0],
    &[13, 23, 5, 19, 0, 0, 0],
    &[0, 0, 0, 0, 0, 0, 0],
    &[0, 0, 0, 0, 0, 0, 0],
    &[0, 0, 0, 0, 0, 0, 0],
    &[0, 0, 0, 0, 0, 0, 0],
]