&[
    &[0, 0, 0, 0, 0, 0, 0, 0, 0, 0, 0, 0, 0, 0, 0, 0, 0, 0, 14, 226, 255, 255, 206, 9, 0, 0, 0, 0, 0, 0, 0, 0, 0],
    &[0, 0, 0, 0, 0, 0, 0, 0, 0, 0, 0, 0, 0, 0, 0, 0, 0, 0, 161, 255, 255, 233, 30, 0, 0, 0, 0, 0, 0, 0, 0, 0, 0],
    &[0, 0, 0, 0, 0, 0, 0, 0, 0, 0, 0, 0, 0, 0, 0, 0, 0, 103, 255, 255, 239, 49, 0, 0, 0, 0, 0, 0, 0, 0, 0, 0, 0],
    &[0, 0, 0, 0, 0, 0, 0, 0, 0, 0, 0, 0, 0, 0, 0, 0, 54, 249, 255, 244, 58, 0, 0, 0, 0, 0, 0, 0, 0, 0, 0, 0, 0],
    &[0, 0, 0, 0, 0, 0, 0, 0, 0, 0, 0, 0, 0, 0, 0, 24, 226, 255, 247, 68, 0, 0, 0, 0, 0, 0, 0, 0, 0, 0, 0, 0, 0],
    &[0, 0, 0, 0, 0, 0, 0, 0, 0, 0, 0, 0, 0, 0, 11, 204, 255, 240, 63, 0, 0, 0, 0, 0, 0, 0, 0, 0, 0, 0, 0, 0, 0],
    &[0, 0, 0, 0, 0, 0, 0, 0, 0, 0, 0, 0, 0, 3, 180, 255, 230, 46, 0, 0, 0, 0, 0, 0, 0, 0, 0, 0, 0, 0, 0, 0, 0],
    &[0, 0, 0, 0, 0, 0, 0, 0, 0, 0, 0, 0, 0, 13, 114, 114, 32, 0, 0, 0, 0, 0, 0, 0, 0, 0, 0, 0, 0, 0, 0, 0, 0],
    &[0, 0, 0, 0, 0, 0, 0, 0, 0, 0, 0, 0, 0, 0, 0, 0, 0, 0, 0, 0, 0, 0, 0, 0, 0, 0, 0, 0, 0, 0, 0, 0, 0],
    &[0, 0, 0, 0, 0, 0, 0, 0, 0, 0, 0, 0, 0, 0, 0, 0, 0, 0, 0, 0, 0, 0, 0, 0, 0, 0, 0, 0, 0, 0, 0, 0, 0],
    &[0, 0, 0, 0, 0, 0, 0, 0, 0, 0, 0, 0, 0, 0, 0, 0, 0, 0, 0, 0, 0, 0, 0, 0, 0, 0, 0, 0, 0, 0, 0, 0, 0],
    &[0, 0, 0, 0, 73, 142, 142, 87, 0, 0, 0, 0, 0, 0, 0, 0, 0, 0, 0, 0, 0, 0, 0, 0, 22, 142, 142, 138, 0, 0, 0, 0, 0],
    &[0, 0, 0, 0, 132, 255, 255, 157, 0, 0, 0, 0, 0, 0, 0, 0, 0, 0, 0, 0, 0, 0, 0, 0, 40, 255, 255, 248, 0, 0, 0, 0, 0],
    &[0, 0, 0, 0, 132, 255, 255, 157, 0, 0, 0, 0, 0, 0, 0, 0, 0, 0, 0, 0, 0, 0, 0, 0, 40, 255, 255, 248, 0, 0, 0, 0, 0],
    &[0, 0, 0, 0, 132, 255, 255, 157, 0, 0, 0, 0, 0, 0, 0, 0, 0, 0, 0, 0, 0, 0, 0, 0, 40, 255, 255, 248, 0, 0, 0, 0, 0],
    &[0, 0, 0, 0, 132, 255, 255, 157, 0, 0, 0, 0, 0, 0, 0, 0, 0, 0, 0, 0, 0, 0, 0, 0, 40, 255, 255, 248, 0, 0, 0, 0, 0],
    &[0, 0, 0, 0, 132, 255, 255, 157, 0, 0, 0, 0, 0, 0, 0, 0, 0, 0, 0, 0, 0, 0, 0, 0, 40, 255, 255, 248, 0, 0, 0, 0, 0],
    &[0, 0, 0, 0, 132, 255, 255, 157, 0, 0, 0, 0, 0, 0, 0, 0, 0, 0, 0, 0, 0, 0, 0, 0, 40, 255, 255, 248, 0, 0, 0, 0, 0],
    &[0, 0, 0, 0, 132, 255, 255, 157, 0, 0, 0, 0, 0, 0, 0, 0, 0, 0, 0, 0, 0, 0, 0, 0, 40, 255, 255, 248, 0, 0, 0, 0, 0],
    &[0, 0, 0, 0, 132, 255, 255, 157, 0, 0, 0, 0, 0, 0, 0, 0, 0, 0, 0, 0, 0, 0, 0, 0, 40, 255, 255, 248, 0, 0, 0, 0, 0],
    &[0, 0, 0, 0, 132, 255, 255, 157, 0, 0, 0, 0, 0, 0, 0, 0, 0, 0, 0, 0, 0, 0, 0, 0, 40, 255, 255, 248, 0, 0, 0, 0, 0],
    &[0, 0, 0, 0, 132, 255, 255, 157, 0, 0, 0, 0, 0, 0, 0, 0, 0, 0, 0, 0, 0, 0, 0, 0, 40, 255, 255, 248, 0, 0, 0, 0, 0],
    &[0, 0, 0, 0, 132, 255, 255, 157, 0, 0, 0, 0, 0, 0, 0, 0, 0, 0, 0, 0, 0, 0, 0, 0, 40, 255, 255, 248, 0, 0, 0, 0, 0],
    &[0, 0, 0, 0, 132, 255, 255, 157, 0, 0, 0, 0, 0, 0, 0, 0, 0, 0, 0, 0, 0, 0, 0, 0, 40, 255, 255, 248, 0, 0, 0, 0, 0],
    &[0, 0, 0, 0, 132, 255, 255, 157, 0, 0, 0, 0, 0, 0, 0, 0, 0, 0, 0, 0, 0, 0, 0, 0, 40, 255, 255, 248, 0, 0, 0, 0, 0],
    &[0, 0, 0, 0, 132, 255, 255, 157, 0, 0, 0, 0, 0, 0, 0, 0, 0, 0, 0, 0, 0, 0, 0, 0, 40, 255, 255, 248, 0, 0, 0, 0, 0],
    &[0, 0, 0, 0, 132, 255, 255, 157, 0, 0, 0, 0, 0, 0, 0, 0, 0, 0, 0, 0, 0, 0, 0, 0, 40, 255, 255, 248, 0, 0, 0, 0, 0],
    &[0, 0, 0, 0, 132, 255, 255, 157, 0, 0, 0, 0, 0, 0, 0, 0, 0, 0, 0, 0, 0, 0, 0, 0, 40, 255, 255, 248, 0, 0, 0, 0, 0],
    &[0, 0, 0, 0, 132, 255, 255, 157, 0, 0, 0, 0, 0, 0, 0, 0, 0, 0, 0, 0, 0, 0, 0, 0, 40, 255, 255, 248, 0, 0, 0, 0, 0],
    &[0, 0, 0, 0, 132, 255, 255, 157, 0, 0, 0, 0, 0, 0, 0, 0, 0, 0, 0, 0, 0, 0, 0, 0, 40, 255, 255, 248, 0, 0, 0, 0, 0],
    &[0, 0, 0, 0, 132, 255, 255, 157, 0, 0, 0, 0, 0, 0, 0, 0, 0, 0, 0, 0, 0, 0, 0, 0, 40, 255, 255, 248, 0, 0, 0, 0, 0],
    &[0, 0, 0, 0, 132, 255, 255, 157, 0, 0, 0, 0, 0, 0, 0, 0, 0, 0, 0, 0, 0, 0, 0, 0, 40, 255, 255, 248, 0, 0, 0, 0, 0],
    &[0, 0, 0, 0, 132, 255, 255, 157, 0, 0, 0, 0, 0, 0, 0, 0, 0, 0, 0, 0, 0, 0, 0, 0, 40, 255, 255, 248, 0, 0, 0, 0, 0],
    &[0, 0, 0, 0, 132, 255, 255, 157, 0, 0, 0, 0, 0, 0, 0, 0, 0, 0, 0, 0, 0, 0, 0, 0, 40, 255, 255, 248, 0, 0, 0, 0, 0],
    &[0, 0, 0, 0, 132, 255, 255, 157, 0, 0, 0, 0, 0, 0, 0, 0, 0, 0, 0, 0, 0, 0, 0, 0, 40, 255, 255, 248, 0, 0, 0, 0, 0],
    &[0, 0, 0, 0, 132, 255, 255, 157, 0, 0, 0, 0, 0, 0, 0, 0, 0, 0, 0, 0, 0, 0, 0, 0, 40, 255, 255, 248, 0, 0, 0, 0, 0],
    &[0, 0, 0, 0, 130, 255, 255, 164, 0, 0, 0, 0, 0, 0, 0, 0, 0, 0, 0, 0, 0, 0, 0, 0, 48, 255, 255, 246, 0, 0, 0, 0, 0],
    &[0, 0, 0, 0, 121, 255, 255, 180, 0, 0, 0, 0, 0, 0, 0, 0, 0, 0, 0, 0, 0, 0, 0, 0, 65, 255, 255, 238, 0, 0, 0, 0, 0],
    &[0, 0, 0, 0, 110, 255, 255, 196, 0, 0, 0, 0, 0, 0, 0, 0, 0, 0, 0, 0, 0, 0, 0, 0, 81, 255, 255, 225, 0, 0, 0, 0, 0],
    &[0, 0, 0, 0, 83, 255, 255, 218, 0, 0, 0, 0, 0, 0, 0, 0, 0, 0, 0, 0, 0, 0, 0, 0, 104, 255, 255, 197, 0, 0, 0, 0, 0],
    &[0, 0, 0, 0, 51, 255, 255, 254, 15, 0, 0, 0, 0, 0, 0, 0, 0, 0, 0, 0, 0, 0, 0, 0, 158, 255, 255, 163, 0, 0, 0, 0, 0],
    &[0, 0, 0, 0, 7, 250, 255, 255, 69, 0, 0, 0, 0, 0, 0, 0, 0, 0, 0, 0, 0, 0, 0, 0, 215, 255, 255, 109, 0, 0, 0, 0, 0],
    &[0, 0, 0, 0, 0, 198, 255, 255, 139, 0, 0, 0, 0, 0, 0, 0, 0, 0, 0, 0, 0, 0, 0, 34, 254, 255, 255, 46, 0, 0, 0, 0, 0],
    &[0, 0, 0, 0, 0, 120, 255, 255, 240, 15, 0, 0, 0, 0, 0, 0, 0, 0, 0, 0, 0, 0, 0, 155, 255, 255, 218, 0, 0, 0, 0, 0, 0],
    &[0, 0, 0, 0, 0, 26, 249, 255, 255, 128, 0, 0, 0, 0, 0, 0, 0, 0, 0, 0, 0, 0, 39, 250, 255, 255, 112, 0, 0, 0, 0, 0, 0],
    &[0, 0, 0, 0, 0, 0, 153, 255, 255, 253, 93, 0, 0, 0, 0, 0, 0, 0, 0, 0, 0, 33, 227, 255, 255, 227, 10, 0, 0, 0, 0, 0, 0],
    &[0, 0, 0, 0, 0, 0, 17, 229, 255, 255, 252, 132, 21, 0, 0, 0, 0, 0, 0, 5, 96, 227, 255, 255, 253, 70, 0, 0, 0, 0, 0, 0, 0],
    &[0, 0, 0, 0, 0, 0, 0, 48, 240, 255, 255, 255, 246, 168, 132, 102, 94, 124, 155, 227, 255, 255, 255, 255, 105, 0, 0, 0, 0, 0, 0, 0, 0],
    &[0, 0, 0, 0, 0, 0, 0, 0, 41, 214, 255, 255, 255, 255, 255, 255, 255, 255, 255, 255, 255, 255, 238, 80, 0, 0, 0, 0, 0, 0, 0, 0, 0],
    &[0, 0, 0, 0, 0, 0, 0, 0, 0, 5, 106, 210, 255, 255, 255, 255, 255, 255, 255, 255, 225, 132, 17, 0, 0, 0, 0, 0, 0, 0, 0, 0, 0],
    &[0, 0, 0, 0, 0, 0, 0, 0, 0, 0, 0, 0, 33, 82, 116, 130, 131, 118, 89, 42, 1, 0, 0, 0, 0, 0, 0, 0, 0, 0, 0, 0, 0],
    &[0, 0, 0, 0, 0, 0, 0, 0, 0, 0, 0, 0, 0, 0, 0, 0, 0, 0, 0, 0, 0, 0, 0, 0, 0, 0, 0, 0, 0, 0, 0, 0, 0],
    &[0, 0, 0, 0, 0, 0, 0, 0, 0, 0, 0, 0, 0, 0, 0, 0, 0, 0, 0, 0, 0, 0, 0, 0, 0, 0, 0, 0, 0, 0, 0, 0, 0],
    &[0, 0, 0, 0, 0, 0, 0, 0, 0, 0, 0, 0, 0, 0, 0, 0, 0, 0, 0, 0, 0, 0, 0, 0, 0, 0, 0, 0, 0, 0, 0, 0, 0],
    &[0, 0, 0, 0, 0, 0, 0, 0, 0, 0, 0, 0, 0, 0, 0, 0, 0, 0, 0, 0, 0, 0, 0, 0, 0, 0, 0, 0, 0, 0, 0, 0, 0],
    &[0, 0, 0, 0, 0, 0, 0, 0, 0, 0, 0, 0, 0, 0, 0, 0, 0, 0, 0, 0, 0, 0, 0, 0, 0, 0, 0, 0, 0, 0, 0, 0, 0],
    &[0, 0, 0, 0, 0, 0, 0, 0, 0, 0, 0, 0, 0, 0, 0, 0, 0, 0, 0, 0, 0, 0, 0, 0, 0, 0, 0, 0, 0, 0, 0, 0, 0],
    &[0, 0, 0, 0, 0, 0, 0, 0, 0, 0, 0, 0, 0, 0, 0, 0, 0, 0, 0, 0, 0, 0, 0, 0, 0, 0, 0, 0, 0, 0, 0, 0, 0],
    &[0, 0, 0, 0, 0, 0, 0, 0, 0, 0, 0, 0, 0, 0, 0, 0, 0, 0, 0, 0, 0, 0, 0, 0, 0, 0, 0, 0, 0, 0, 0, 0, 0],
    &[0, 0, 0, 0, 0, 0, 0, 0, 0, 0, 0, 0, 0, 0, 0, 0, 0, 0, 0, 0, 0, 0, 0, 0, 0, 0, 0, 0, 0, 0, 0, 0, 0],
    &[0, 0, 0, 0, 0, 0, 0, 0, 0, 0, 0, 0, 0, 0, 0, 0, 0, 0, 0, 0, 0, 0, 0, 0, 0, 0, 0, 0, 0, 0, 0, 0, 0],
    &[0, 0, 0, 0, 0, 0, 0, 0, 0, 0, 0, 0, 0, 0, 0, 0, 0, 0, 0, 0, 0, 0, 0, 0, 0, 0, 0, 0, 0, 0, 0, 0, 0],
    &[0, 0, 0, 0, 0, 0, 0, 0, 0, 0, 0, 0, 0, 0, 0, 0, 0, 0, 0, 0, 0, 0, 0, 0, 0, 0, 0, 0, 0, 0, 0, 0, 0],
    &[0, 0, 0, 0, 0, 0, 0, 0, 0, 0, 0, 0, 0, 0, 0, 0, 0, 0, 0, 69, 255, 255, 255, 162, 0, 0, 0, 0, 0, 0, 0, 0, 0],
]