&[
    &[0, 0, 0, 0, 0, 0, 0, 0, 0, 0, 0, 0, 0, 103, 255, 255, 255, 255, 216, 9, 0, 0, 0, 0, 0, 0, 0, 0, 0, 0, 0, 0, 0],
    &[0, 0, 0, 0, 0, 0, 0, 0, 0, 0, 0, 0, 41, 245, 255, 243, 199, 255, 255, 148, 0, 0, 0, 0, 0, 0, 0, 0, 0, 0, 0, 0, 0],
    &[0, 0, 0, 0, 0, 0, 0, 0, 0, 0, 0, 16, 218, 255, 251, 72, 13, 206, 255, 255, 97, 0, 0, 0, 0, 0, 0, 0, 0, 0, 0, 0, 0],
    &[0, 0, 0, 0, 0, 0, 0, 0, 0, 0, 2, 182, 255, 254, 94, 0, 0, 24, 222, 255, 248, 57, 0, 0, 0, 0, 0, 0, 0, 0, 0, 0, 0],
    &[0, 0, 0, 0, 0, 0, 0, 0, 0, 0, 139, 255, 255, 117, 0, 0, 0, 0, 38, 232, 255, 231, 30, 0, 0, 0, 0, 0, 0, 0, 0, 0, 0],
    &[0, 0, 0, 0, 0, 0, 0, 0, 0, 110, 255, 255, 118, 0, 0, 0, 0, 0, 0, 38, 228, 255, 213, 17, 0, 0, 0, 0, 0, 0, 0, 0, 0],
    &[0, 0, 0, 0, 0, 0, 0, 0, 85, 253, 255, 113, 0, 0, 0, 0, 0, 0, 0, 0, 33, 223, 255, 193, 7, 0, 0, 0, 0, 0, 0, 0, 0],
    &[0, 0, 0, 0, 0, 0, 0, 0, 84, 114, 80, 0, 0, 0, 0, 0, 0, 0, 0, 0, 0, 29, 114, 114, 22, 0, 0, 0, 0, 0, 0, 0, 0],
    &[0, 0, 0, 0, 0, 0, 0, 0, 0, 0, 0, 0, 0, 0, 0, 0, 0, 0, 0, 0, 0, 0, 0, 0, 0, 0, 0, 0, 0, 0, 0, 0, 0],
    &[0, 0, 0, 0, 0, 0, 0, 0, 0, 0, 0, 0, 0, 0, 0, 0, 0, 0, 0, 0, 0, 0, 0, 0, 0, 0, 0, 0, 0, 0, 0, 0, 0],
    &[0, 0, 0, 0, 0, 0, 0, 0, 0, 0, 0, 0, 0, 0, 0, 0, 0, 0, 0, 0, 0, 0, 0, 0, 0, 0, 0, 0, 0, 0, 0, 0, 0],
    &[0, 0, 0, 0, 73, 142, 142, 87, 0, 0, 0, 0, 0, 0, 0, 0, 0, 0, 0, 0, 0, 0, 0, 0, 22, 142, 142, 138, 0, 0, 0, 0, 0],
    &[0, 0, 0, 0, 132, 255, 255, 157, 0, 0, 0, 0, 0, 0, 0, 0, 0, 0, 0, 0, 0, 0, 0, 0, 40, 255, 255, 248, 0, 0, 0, 0, 0],
    &[0, 0, 0, 0, 132, 255, 255, 157, 0, 0, 0, 0, 0, 0, 0, 0, 0, 0, 0, 0, 0, 0, 0, 0, 40, 255, 255, 248, 0, 0, 0, 0, 0],
    &[0, 0, 0, 0, 132, 255, 255, 157, 0, 0, 0, 0, 0, 0, 0, 0, 0, 0, 0, 0, 0, 0, 0, 0, 40, 255, 255, 248, 0, 0, 0, 0, 0],
    &[0, 0, 0, 0, 132, 255, 255, 157, 0, 0, 0, 0, 0, 0, 0, 0, 0, 0, 0, 0, 0, 0, 0, 0, 40, 255, 255, 248, 0, 0, 0, 0, 0],
    &[0, 0, 0, 0, 132, 255, 255, 157, 0, 0, 0, 0, 0, 0, 0, 0, 0, 0, 0, 0, 0, 0, 0, 0, 40, 255, 255, 248, 0, 0, 0, 0, 0],
    &[0, 0, 0, 0, 132, 255, 255, 157, 0, 0, 0, 0, 0, 0, 0, 0, 0, 0, 0, 0, 0, 0, 0, 0, 40, 255, 255, 248, 0, 0, 0, 0, 0],
    &[0, 0, 0, 0, 132, 255, 255, 157, 0, 0, 0, 0, 0, 0, 0, 0, 0, 0, 0, 0, 0, 0, 0, 0, 40, 255, 255, 248, 0, 0, 0, 0, 0],
    &[0, 0, 0, 0, 132, 255, 255, 157, 0, 0, 0, 0, 0, 0, 0, 0, 0, 0, 0, 0, 0, 0, 0, 0, 40, 255, 255, 248, 0, 0, 0, 0, 0],
    &[0, 0, 0, 0, 132, 255, 255, 157, 0, 0, 0, 0, 0, 0, 0, 0, 0, 0, 0, 0, 0, 0, 0, 0, 40, 255, 255, 248, 0, 0, 0, 0, 0],
    &[0, 0, 0, 0, 132, 255, 255, 157, 0, 0, 0, 0, 0, 0, 0, 0, 0, 0, 0, 0, 0, 0, 0, 0, 40, 255, 255, 248, 0, 0, 0, 0, 0],
    &[0, 0, 0, 0, 132, 255, 255, 157, 0, 0, 0, 0, 0, 0, 0, 0, 0, 0, 0, 0, 0, 0, 0, 0, 40, 255, 255, 248, 0, 0, 0, 0, 0],
    &[0, 0, 0, 0, 132, 255, 255, 157, 0, 0, 0, 0, 0, 0, 0, 0, 0, 0, 0, 0, 0, 0, 0, 0, 40, 255, 255, 248, 0, 0, 0, 0, 0],
    &[0, 0, 0, 0, 132, 255, 255, 157, 0, 0, 0, 0, 0, 0, 0, 0, 0, 0, 0, 0, 0, 0, 0, 0, 40, 255, 255, 248, 0, 0, 0, 0, 0],
    &[0, 0, 0, 0, 132, 255, 255, 157, 0, 0, 0, 0, 0, 0, 0, 0, 0, 0, 0, 0, 0, 0, 0, 0, 40, 255, 255, 248, 0, 0, 0, 0, 0],
    &[0, 0, 0, 0, 132, 255, 255, 157, 0, 0, 0, 0, 0, 0, 0, 0, 0, 0, 0, 0, 0, 0, 0, 0, 40, 255, 255, 248, 0, 0, 0, 0, 0],
    &[0, 0, 0, 0, 132, 255, 255, 157, 0, 0, 0, 0, 0, 0, 0, 0, 0, 0, 0, 0, 0, 0, 0, 0, 40, 255, 255, 248, 0, 0, 0, 0, 0],
    &[0, 0, 0, 0, 132, 255, 255, 157, 0, 0, 0, 0, 0, 0, 0, 0, 0, 0, 0, 0, 0, 0, 0, 0, 40, 255, 255, 248, 0, 0, 0, 0, 0],
    &[0, 0, 0, 0, 132, 255, 255, 157, 0, 0, 0, 0, 0, 0, 0, 0, 0, 0, 0, 0, 0, 0, 0, 0, 40, 255, 255, 248, 0, 0, 0, 0, 0],
    &[0, 0, 0, 0, 132, 255, 255, 157, 0, 0, 0, 0, 0, 0, 0, 0, 0, 0, 0, 0, 0, 0, 0, 0, 40, 255, 255, 248, 0, 0, 0, 0, 0],
    &[0, 0, 0, 0, 132, 255, 255, 157, 0, 0, 0, 0, 0, 0, 0, 0, 0, 0, 0, 0, 0, 0, 0, 0, 40, 255, 255, 248, 0, 0, 0, 0, 0],
    &[0, 0, 0, 0, 132, 255, 255, 157, 0, 0, 0, 0, 0, 0, 0, 0, 0, 0, 0, 0, 0, 0, 0, 0, 40, 255, 255, 248, 0, 0, 0, 0, 0],
    &[0, 0, 0, 0, 132, 255, 255, 157, 0, 0, 0, 0, 0, 0, 0, 0, 0, 0, 0, 0, 0, 0, 0, 0, 40, 255, 255, 248, 0, 0, 0, 0, 0],
    &[0, 0, 0, 0, 132, 255, 255, 157, 0, 0, 0, 0, 0, 0, 0, 0, 0, 0, 0, 0, 0, 0, 0, 0, 40, 255, 255, 248, 0, 0, 0, 0, 0],
    &[0, 0, 0, 0, 132, 255, 255, 157, 0, 0, 0, 0, 0, 0, 0, 0, 0, 0, 0, 0, 0, 0, 0, 0, 40, 255, 255, 248, 0, 0, 0, 0, 0],
    &[0, 0, 0, 0, 130, 255, 255, 164, 0, 0, 0, 0, 0, 0, 0, 0, 0, 0, 0, 0, 0, 0, 0, 0, 48, 255, 255, 246, 0, 0, 0, 0, 0],
    &[0, 0, 0, 0, 121, 255, 255, 180, 0, 0, 0, 0, 0, 0, 0, 0, 0, 0, 0, 0, 0, 0, 0, 0, 65, 255, 255, 238, 0, 0, 0, 0, 0],
    &[0, 0, 0, 0, 110, 255, 255, 196, 0, 0, 0, 0, 0, 0, 0, 0, 0, 0, 0, 0, 0, 0, 0, 0, 81, 255, 255, 225, 0, 0, 0, 0, 0],
    &[0, 0, 0, 0, 83, 255, 255, 218, 0, 0, 0, 0, 0, 0, 0, 0, 0, 0, 0, 0, 0, 0, 0, 0, 104, 255, 255, 197, 0, 0, 0, 0, 0],
    &[0, 0, 0, 0, 51, 255, 255, 254, 15, 0, 0, 0, 0, 0, 0, 0, 0, 0, 0, 0, 0, 0, 0, 0, 158, 255, 255, 163, 0, 0, 0, 0, 0],
    &[0, 0, 0, 0, 7, 250, 255, 255, 69, 0, 0, 0, 0, 0, 0, 0, 0, 0, 0, 0, 0, 0, 0, 0, 215, 255, 255, 109, 0, 0, 0, 0, 0],
    &[0, 0, 0, 0, 0, 198, 255, 255, 139, 0, 0, 0, 0, 0, 0, 0, 0, 0, 0, 0, 0, 0, 0, 34, 254, 255, 255, 46, 0, 0, 0, 0, 0],
    &[0, 0, 0, 0, 0, 120, 255, 255, 240, 15, 0, 0, 0, 0, 0, 0, 0, 0, 0, 0, 0, 0, 0, 155, 255, 255, 218, 0, 0, 0, 0, 0, 0],
    &[0, 0, 0, 0, 0, 26, 249, 255, 255, 128, 0, 0, 0, 0, 0, 0, 0, 0, 0, 0, 0, 0, 39, 250, 255, 255, 112, 0, 0, 0, 0, 0, 0],
    &[0, 0, 0, 0, 0, 0, 153, 255, 255, 253, 93, 0, 0, 0, 0, 0, 0, 0, 0, 0, 0, 33, 227, 255, 255, 227, 10, 0, 0, 0, 0, 0, 0],
    &[0, 0, 0, 0, 0, 0, 17, 229, 255, 255, 252, 132, 21, 0, 0, 0, 0, 0, 0, 5, 96, 227, 255, 255, 253, 70, 0, 0, 0, 0, 0, 0, 0],
    &[0, 0, 0, 0, 0, 0, 0, 48, 240, 255, 255, 255, 246, 168, 132, 102, 94, 124, 155, 227, 255, 255, 255, 255, 105, 0, 0, 0, 0, 0, 0, 0, 0],
    &[0, 0, 0, 0, 0, 0, 0, 0, 41, 214, 255, 255, 255, 255, 255, 255, 255, 255, 255, 255, 255, 255, 238, 80, 0, 0, 0, 0, 0, 0, 0, 0, 0],
    &[0, 0, 0, 0, 0, 0, 0, 0, 0, 5, 106, 210, 255, 255, 255, 255, 255, 255, 255, 255, 225, 132, 17, 0, 0, 0, 0, 0, 0, 0, 0, 0, 0],
    &[0, 0, 0, 0, 0, 0, 0, 0, 0, 0, 0, 0, 33, 82, 116, 130, 131, 118, 89, 42, 1, 0, 0, 0, 0, 0, 0, 0, 0, 0, 0, 0, 0],
    &[0, 0, 0, 0, 0, 0, 0, 0, 0, 0, 0, 0, 0, 0, 0, 0, 0, 0, 0, 0, 0, 0, 0, 0, 0, 0, 0, 0, 0, 0, 0, 0, 0],
    &[0, 0, 0, 0, 0, 0, 0, 0, 0, 0, 0, 0, 0, 0, 0, 0, 0, 0, 0, 0, 0, 0, 0, 0, 0, 0, 0, 0, 0, 0, 0, 0, 0],
    &[0, 0, 0, 0, 0, 0, 0, 0, 0, 0, 0, 0, 0, 0, 0, 0, 0, 0, 0, 0, 0, 0, 0, 0, 0, 0, 0, 0, 0, 0, 0, 0, 0],
    &[0, 0, 0, 0, 0, 0, 0, 0, 0, 0, 0, 0, 0, 0, 0, 0, 0, 0, 0, 0, 0, 0, 0, 0, 0, 0, 0, 0, 0, 0, 0, 0, 0],
    &[0, 0, 0, 0, 0, 0, 0, 0, 0, 0, 0, 0, 0, 0, 0, 0, 0, 0, 0, 0, 0, 0, 0, 0, 0, 0, 0, 0, 0, 0, 0, 0, 0],
    &[0, 0, 0, 0, 0, 0, 0, 0, 0, 0, 0, 0, 0, 0, 0, 0, 0, 0, 0, 0, 0, 0, 0, 0, 0, 0, 0, 0, 0, 0, 0, 0, 0],
    &[0, 0, 0, 0, 0, 0, 0, 0, 0, 0, 0, 0, 0, 0, 0, 0, 0, 0, 0, 0, 0, 0, 0, 0, 0, 0, 0, 0, 0, 0, 0, 0, 0],
    &[0, 0, 0, 0, 0, 0, 0, 0, 0, 0, 0, 0, 0, 0, 0, 0, 0, 0, 0, 0, 0, 0, 0, 0, 0, 0, 0, 0, 0, 0, 0, 0, 0],
    &[0, 0, 0, 0, 0, 0, 0, 0, 0, 0, 0, 0, 0, 0, 0, 0, 0, 0, 0, 0, 0, 0, 0, 0, 0, 0, 0, 0, 0, 0, 0, 0, 0],
    &[0, 0, 0, 0, 0, 0, 0, 0, 0, 0, 0, 0, 0, 0, 0, 0, 0, 0, 0, 0, 0, 0, 0, 0, 0, 0, 0, 0, 0, 0, 0, 0, 0],
    &[0, 0, 0, 0, 0, 0, 0, 0, 0, 0, 0, 0, 0, 0, 0, 0, 0, 0, 0, 0, 0, 0, 0, 0, 0, 0, 0, 0, 0, 0, 0, 0, 0],
    &[0, 0, 0, 0, 0, 0, 0, 0, 0, 0, 0, 0, 0, 0, 0, 0, 0, 0, 0, 0, 0, 0, 0, 0, 0, 0, 0, 0, 0, 0, 0, 0, 0],
    &[0, 0, 0, 0, 0, 0, 0, 0, 0, 0, 0, 0, 0, 0, 179, 255, 255, 252, 54, 0, 0, 0, 0, 0, 0, 0, 0, 0, 0, 0, 0, 0, 0],
]