&[
    &[0, 0, 0, 0, 0, 0, 0, 0, 0, 0, 0, 0, 0, 0, 0, 0, 0, 0, 0, 0, 0, 0, 0, 0, 0, 0, 0, 0, 0, 0, 0, 0, 0],
    &[0, 0, 0, 0, 0, 0, 0, 0, 0, 0, 0, 0, 0, 0, 0, 0, 0, 0, 0, 0, 0, 0, 0, 0, 0, 0, 0, 0, 0, 0, 0, 0, 0],
    &[0, 0, 0, 0, 0, 0, 0, 0, 0, 0, 0, 0, 0, 0, 0, 0, 0, 0, 0, 0, 0, 0, 0, 0, 0, 0, 0, 0, 0, 0, 0, 0, 0],
    &[0, 0, 0, 0, 0, 0, 0, 0, 0, 0, 0, 0, 0, 0, 0, 0, 0, 0, 0, 0, 0, 0, 0, 0, 0, 0, 0, 0, 0, 0, 0, 0, 0],
    &[0, 0, 0, 0, 0, 0, 0, 0, 0, 0, 0, 0, 0, 0, 0, 0, 0, 0, 0, 0, 0, 0, 0, 0, 0, 0, 0, 0, 0, 0, 0, 0, 0],
    &[0, 0, 0, 0, 0, 0, 0, 0, 0, 0, 0, 0, 0, 0, 0, 0, 0, 0, 0, 0, 0, 0, 0, 0, 0, 0, 0, 0, 0, 0, 0, 0, 0],
    &[0, 0, 0, 0, 0, 0, 0, 0, 0, 0, 0, 0, 0, 0, 0, 0, 0, 0, 0, 0, 0, 0, 0, 0, 0, 0, 0, 0, 0, 0, 0, 0, 0],
    &[0, 0, 0, 0, 0, 0, 0, 0, 0, 0, 0, 0, 0, 0, 0, 0, 0, 0, 0, 0, 0, 0, 0, 0, 0, 0, 0, 0, 0, 0, 0, 0, 0],
    &[0, 0, 0, 0, 0, 0, 0, 0, 0, 0, 0, 0, 0, 0, 0, 0, 0, 0, 0, 0, 0, 0, 0, 0, 0, 0, 0, 0, 0, 0, 0, 0, 0],
    &[0, 0, 0, 0, 0, 0, 0, 0, 0, 0, 0, 0, 0, 0, 0, 0, 0, 0, 0, 0, 0, 0, 0, 0, 0, 0, 0, 0, 0, 0, 0, 0, 0],
    &[0, 0, 0, 0, 0, 0, 0, 0, 0, 0, 0, 38, 99, 147, 119, 64, 2, 0, 0, 0, 0, 0, 0, 0, 110, 176, 176, 20, 0, 0, 0, 0, 0],
    &[0, 0, 0, 0, 0, 0, 0, 0, 0, 1, 122, 252, 255, 255, 255, 255, 213, 79, 0, 0, 0, 0, 0, 5, 229, 255, 236, 0, 0, 0, 0, 0, 0],
    &[0, 0, 0, 0, 0, 0, 0, 0, 0, 140, 255, 255, 255, 255, 255, 255, 255, 255, 191, 46, 0, 0, 0, 130, 255, 255, 181, 0, 0, 0, 0, 0, 0],
    &[0, 0, 0, 0, 0, 0, 0, 0, 38, 250, 255, 255, 255, 255, 255, 255, 255, 255, 255, 254, 211, 157, 197, 255, 255, 255, 92, 0, 0, 0, 0, 0, 0],
    &[0, 0, 0, 0, 0, 0, 0, 0, 160, 255, 255, 226, 88, 50, 102, 186, 255, 255, 255, 255, 255, 255, 255, 255, 255, 206, 1, 0, 0, 0, 0, 0, 0],
    &[0, 0, 0, 0, 0, 0, 0, 0, 222, 255, 253, 51, 0, 0, 0, 0, 74, 216, 255, 255, 255, 255, 255, 255, 232, 50, 0, 0, 0, 0, 0, 0, 0],
    &[0, 0, 0, 0, 0, 0, 0, 21, 255, 255, 193, 0, 0, 0, 0, 0, 0, 4, 104, 213, 254, 255, 245, 183, 27, 0, 0, 0, 0, 0, 0, 0, 0],
    &[0, 0, 0, 0, 0, 0, 0, 15, 70, 70, 38, 0, 0, 0, 0, 0, 0, 0, 0, 0, 14, 41, 3, 0, 0, 0, 0, 0, 0, 0, 0, 0, 0],
    &[0, 0, 0, 0, 0, 0, 0, 0, 0, 0, 0, 0, 0, 0, 0, 0, 0, 0, 0, 0, 0, 0, 0, 0, 0, 0, 0, 0, 0, 0, 0, 0, 0],
    &[0, 0, 0, 0, 0, 0, 0, 0, 0, 0, 0, 0, 0, 0, 0, 0, 0, 0, 0, 0, 0, 0, 0, 0, 0, 0, 0, 0, 0, 0, 0, 0, 0],
    &[0, 0, 0, 0, 0, 0, 0, 0, 0, 0, 0, 0, 2, 43, 81, 97, 112, 118, 103, 87, 46, 3, 0, 0, 0, 0, 0, 0, 0, 0, 0, 0, 0],
    &[0, 0, 0, 0, 0, 0, 0, 0, 0, 23, 107, 189, 243, 255, 255, 255, 255, 255, 255, 255, 255, 246, 174, 73, 1, 0, 0, 0, 0, 0, 0, 0, 0],
    &[0, 0, 0, 0, 0, 0, 0, 61, 175, 252, 255, 255, 255, 255, 255, 255, 255, 255, 255, 255, 255, 255, 255, 255, 190, 34, 0, 0, 0, 0, 0, 0, 0],
    &[0, 0, 0, 0, 0, 0, 9, 236, 255, 255, 255, 255, 255, 255, 255, 255, 255, 255, 255, 255, 255, 255, 255, 255, 255, 236, 40, 0, 0, 0, 0, 0, 0],
    &[0, 0, 0, 0, 0, 0, 0, 130, 255, 255, 255, 255, 254, 216, 165, 141, 124, 134, 165, 197, 251, 255, 255, 255, 255, 255, 225, 11, 0, 0, 0, 0, 0],
    &[0, 0, 0, 0, 0, 0, 0, 22, 247, 255, 195, 102, 19, 0, 0, 0, 0, 0, 0, 0, 31, 147, 247, 255, 255, 255, 255, 123, 0, 0, 0, 0, 0],
    &[0, 0, 0, 0, 0, 0, 0, 0, 107, 60, 0, 0, 0, 0, 0, 0, 0, 0, 0, 0, 0, 0, 68, 250, 255, 255, 255, 230, 0, 0, 0, 0, 0],
    &[0, 0, 0, 0, 0, 0, 0, 0, 0, 0, 0, 0, 0, 0, 0, 0, 0, 0, 0, 0, 0, 0, 0, 153, 255, 255, 255, 255, 44, 0, 0, 0, 0],
    &[0, 0, 0, 0, 0, 0, 0, 0, 0, 0, 0, 0, 0, 0, 0, 0, 0, 0, 0, 0, 0, 0, 0, 60, 255, 255, 255, 255, 96, 0, 0, 0, 0],
    &[0, 0, 0, 0, 0, 0, 0, 0, 0, 0, 0, 0, 0, 0, 0, 0, 0, 0, 0, 0, 0, 0, 0, 6, 254, 255, 255, 255, 116, 0, 0, 0, 0],
    &[0, 0, 0, 0, 0, 0, 0, 0, 0, 0, 0, 0, 0, 0, 0, 0, 0, 0, 0, 0, 0, 0, 0, 0, 239, 255, 255, 255, 134, 0, 0, 0, 0],
    &[0, 0, 0, 0, 0, 0, 0, 0, 0, 0, 0, 0, 0, 0, 0, 0, 0, 0, 0, 0, 0, 0, 0, 0, 227, 255, 255, 255, 138, 0, 0, 0, 0],
    &[0, 0, 0, 0, 0, 0, 0, 0, 0, 0, 0, 0, 0, 4, 36, 58, 81, 103, 117, 123, 130, 137, 143, 150, 244, 255, 255, 255, 138, 0, 0, 0, 0],
    &[0, 0, 0, 0, 0, 0, 0, 0, 0, 0, 40, 120, 184, 243, 255, 255, 255, 255, 255, 255, 255, 255, 255, 255, 255, 255, 255, 255, 138, 0, 0, 0, 0],
    &[0, 0, 0, 0, 0, 0, 0, 0, 39, 166, 253, 255, 255, 255, 255, 255, 255, 255, 255, 255, 255, 255, 255, 255, 255, 255, 255, 255, 138, 0, 0, 0, 0],
    &[0, 0, 0, 0, 0, 0, 0, 86, 251, 255, 255, 255, 255, 255, 255, 255, 255, 255, 255, 254, 246, 238, 230, 222, 251, 255, 255, 255, 138, 0, 0, 0, 0],
    &[0, 0, 0, 0, 0, 0, 90, 252, 255, 255, 255, 255, 255, 213, 149, 90, 56, 34, 12, 0, 0, 0, 0, 0, 227, 255, 255, 255, 138, 0, 0, 0, 0],
    &[0, 0, 0, 0, 0, 18, 243, 255, 255, 255, 255, 199, 67, 0, 0, 0, 0, 0, 0, 0, 0, 0, 0, 0, 227, 255, 255, 255, 138, 0, 0, 0, 0],
    &[0, 0, 0, 0, 0, 129, 255, 255, 255, 255, 172, 6, 0, 0, 0, 0, 0, 0, 0, 0, 0, 0, 0, 0, 232, 255, 255, 255, 138, 0, 0, 0, 0],
    &[0, 0, 0, 0, 0, 224, 255, 255, 255, 237, 14, 0, 0, 0, 0, 0, 0, 0, 0, 0, 0, 0, 0, 6, 253, 255, 255, 255, 138, 0, 0, 0, 0],
    &[0, 0, 0, 0, 6, 253, 255, 255, 255, 148, 0, 0, 0, 0, 0, 0, 0, 0, 0, 0, 0, 0, 0, 36, 255, 255, 255, 255, 138, 0, 0, 0, 0],
    &[0, 0, 0, 0, 37, 255, 255, 255, 255, 109, 0, 0, 0, 0, 0, 0, 0, 0, 0, 0, 0, 0, 0, 113, 255, 255, 255, 255, 138, 0, 0, 0, 0],
    &[0, 0, 0, 0, 47, 255, 255, 255, 255, 122, 0, 0, 0, 0, 0, 0, 0, 0, 0, 0, 0, 0, 4, 225, 255, 255, 255, 255, 138, 0, 0, 0, 0],
    &[0, 0, 0, 0, 26, 255, 255, 255, 255, 169, 0, 0, 0, 0, 0, 0, 0, 0, 0, 0, 0, 0, 148, 255, 255, 255, 255, 255, 138, 0, 0, 0, 0],
    &[0, 0, 0, 0, 2, 235, 255, 255, 255, 244, 45, 0, 0, 0, 0, 0, 0, 0, 0, 0, 5, 137, 255, 255, 255, 255, 255, 255, 138, 0, 0, 0, 0],
    &[0, 0, 0, 0, 0, 163, 255, 255, 255, 255, 222, 64, 0, 0, 0, 0, 0, 0, 5, 75, 213, 255, 255, 255, 255, 255, 255, 255, 138, 0, 0, 0, 0],
    &[0, 0, 0, 0, 0, 45, 252, 255, 255, 255, 255, 255, 206, 151, 120, 113, 137, 170, 239, 255, 255, 255, 255, 114, 210, 255, 255, 255, 138, 0, 0, 0, 0],
    &[0, 0, 0, 0, 0, 0, 125, 255, 255, 255, 255, 255, 255, 255, 255, 255, 255, 255, 255, 255, 255, 254, 125, 0, 175, 255, 255, 255, 138, 0, 0, 0, 0],
    &[0, 0, 0, 0, 0, 0, 0, 120, 249, 255, 255, 255, 255, 255, 255, 255, 255, 255, 255, 255, 232, 83, 0, 0, 140, 255, 255, 255, 138, 0, 0, 0, 0],
    &[0, 0, 0, 0, 0, 0, 0, 0, 43, 162, 247, 255, 255, 255, 255, 255, 255, 255, 223, 125, 14, 0, 0, 0, 106, 255, 255, 255, 138, 0, 0, 0, 0],
    &[0, 0, 0, 0, 0, 0, 0, 0, 0, 0, 11, 62, 107, 125, 133, 118, 92, 40, 1, 0, 0, 0, 0, 0, 0, 0, 0, 0, 0, 0, 0, 0, 0],
    &[0, 0, 0, 0, 0, 0, 0, 0, 0, 0, 0, 0, 0, 0, 0, 0, 0, 0, 0, 0, 0, 0, 0, 0, 0, 0, 0, 0, 0, 0, 0, 0, 0],
    &[0, 0, 0, 0, 0, 0, 0, 0, 0, 0, 0, 0, 0, 0, 0, 0, 0, 0, 0, 0, 0, 0, 0, 0, 0, 0, 0, 0, 0, 0, 0, 0, 0],
    &[0, 0, 0, 0, 0, 0, 0, 0, 0, 0, 0, 0, 0, 0, 0, 0, 0, 0, 0, 0, 0, 0, 0, 0, 0, 0, 0, 0, 0, 0, 0, 0, 0],
    &[0, 0, 0, 0, 0, 0, 0, 0, 0, 0, 0, 0, 0, 0, 0, 0, 0, 0, 0, 0, 0, 0, 0, 0, 0, 0, 0, 0, 0, 0, 0, 0, 0],
    &[0, 0, 0, 0, 0, 0, 0, 0, 0, 0, 0, 0, 0, 0, 0, 0, 0, 0, 0, 0, 0, 0, 0, 0, 0, 0, 0, 0, 0, 0, 0, 0, 0],
    &[0, 0, 0, 0, 0, 0, 0, 0, 0, 0, 0, 0, 0, 0, 0, 0, 0, 0, 0, 0, 0, 0, 0, 0, 0, 0, 0, 0, 0, 0, 0, 0, 0],
    &[0, 0, 0, 0, 0, 0, 0, 0, 0, 0, 0, 0, 0, 0, 0, 0, 0, 0, 0, 0, 0, 0, 0, 0, 0, 0, 0, 0, 0, 0, 0, 0, 0],
    &[0, 0, 0, 0, 0, 0, 0, 0, 0, 0, 0, 0, 0, 0, 0, 0, 0, 0, 0, 0, 0, 0, 0, 0, 0, 0, 0, 0, 0, 0, 0, 0, 0],
    &[0, 0, 0, 0, 0, 0, 0, 0, 0, 0, 0, 0, 0, 0, 0, 0, 0, 0, 0, 0, 0, 0, 0, 0, 0, 0, 0, 0, 0, 0, 0, 0, 0],
    &[0, 0, 0, 0, 0, 0, 0, 0, 0, 0, 0, 0, 0, 0, 0, 0, 0, 0, 0, 0, 0, 0, 0, 0, 0, 0, 0, 0, 0, 0, 0, 0, 0],
    &[0, 0, 0, 0, 0, 0, 0, 0, 0, 0, 0, 0, 0, 0, 0, 0, 0, 0, 0, 0, 0, 0, 0, 0, 0, 0, 0, 0, 0, 0, 0, 0, 0],
    &[0, 0, 0, 0, 0, 0, 0, 0, 0, 0, 0, 0, 0, 0, 0, 0, 0, 0, 0, 0, 0, 0, 0, 0, 0, 0, 0, 0, 0, 0, 0, 0, 0],
    &[0, 0, 0, 0, 0, 0, 0, 0, 0, 0, 0, 0, 0, 0, 0, 0, 0, 0, 0, 0, 0, 0, 0, 0, 0, 0, 0, 0, 0, 0, 0, 0, 0],
]