&[
    &[0, 0, 0, 0, 0, 0, 0, 0, 0, 0, 0, 0],
    &[0, 0, 0, 0, 0, 0, 0, 0, 0, 0, 0, 0],
    &[0, 0, 0, 0, 0, 0, 0, 0, 0, 0, 0, 0],
    &[0, 0, 54, 141, 141, 93, 0, 0, 0, 0, 0, 0],
    &[0, 0, 3, 164, 255, 249, 44, 0, 0, 0, 0, 0],
    &[0, 0, 0, 2, 150, 255, 206, 6, 0, 0, 0, 0],
    &[0, 0, 0, 0, 0, 92, 124, 40, 0, 0, 0, 0],
    &[0, 33, 95, 95, 95, 95, 95, 33, 0, 0, 0, 0],
    &[0, 88, 255, 255, 255, 255, 255, 90, 0, 0, 0, 0],
    &[0, 53, 172, 201, 236, 255, 255, 90, 0, 0, 0, 0],
    &[0, 0, 0, 0, 102, 255, 255, 90, 0, 0, 0, 0],
    &[0, 0, 0, 0, 102, 255, 255, 90, 0, 0, 0, 0],
    &[0, 0, 0, 0, 102, 255, 255, 90, 0, 0, 0, 0],
    &[0, 0, 0, 0, 102, 255, 255, 90, 0, 0, 0, 0],
    &[0, 0, 0, 0, 102, 255, 255, 90, 0, 0, 0, 0],
    &[0, 0, 0, 25, 138, 255, 255, 126, 18, 0, 0, 0],
    &[0, 171, 238, 255, 255, 255, 255, 255, 255, 226, 86, 0],
    &[0, 220, 255, 255, 255, 255, 255, 255, 255, 255, 115, 0],
    &[0, 0, 0, 0, 0, 0, 0, 0, 0, 0, 0, 0],
    &[0, 0, 0, 0, 0, 0, 0, 0, 0, 0, 0, 0],
    &[0, 0, 0, 0, 0, 0, 0, 0, 0, 0, 0, 0],
    &[0, 0, 0, 0, 0, 0, 0, 0, 0, 0, 0, 0],
]