&[
    &[0, 0, 0, 0, 0, 0, 0, 0, 0, 0, 0, 0],
    &[0, 0, 0, 0, 0, 0, 0, 0, 0, 0, 0, 0],
    &[0, 0, 0, 0, 0, 0, 0, 0, 0, 0, 0, 0],
    &[0, 0, 0, 73, 119, 0, 0, 0, 0, 0, 0, 0],
    &[0, 0, 0, 16, 212, 98, 0, 0, 0, 0, 0, 0],
    &[0, 0, 0, 0, 24, 206, 53, 0, 0, 0, 0, 0],
    &[0, 0, 0, 0, 0, 20, 96, 0, 0, 0, 0, 0],
    &[0, 0, 26, 27, 27, 27, 16, 0, 0, 0, 0, 0],
    &[0, 0, 171, 190, 202, 234, 151, 0, 0, 0, 0, 0],
    &[0, 0, 0, 0, 0, 130, 151, 0, 0, 0, 0, 0],
    &[0, 0, 0, 0, 0, 130, 151, 0, 0, 0, 0, 0],
    &[0, 0, 0, 0, 0, 130, 151, 0, 0, 0, 0, 0],
    &[0, 0, 0, 0, 0, 130, 151, 0, 0, 0, 0, 0],
    &[0, 0, 0, 0, 0, 130, 151, 0, 0, 0, 0, 0],
    &[0, 0, 0, 0, 0, 130, 151, 0, 0, 0, 0, 0],
    &[0, 0, 0, 0, 0, 130, 151, 0, 0, 0, 0, 0],
    &[0, 0, 0, 0, 0, 130, 151, 0, 0, 0, 0, 0],
    &[0, 58, 208, 220, 231, 248, 249, 231, 219, 207, 33, 0],
    &[0, 0, 0, 0, 0, 0, 0, 0, 0, 0, 0, 0],
    &[0, 0, 0, 0, 0, 0, 0, 0, 0, 0, 0, 0],
    &[0, 0, 0, 0, 0, 0, 0, 0, 0, 0, 0, 0],
    &[0, 0, 0, 0, 0, 0, 0, 0, 0, 0, 0, 0],
]