&[
    &[0, 0, 0, 0, 0, 0, 0, 0, 0, 0, 0, 0, 0, 0, 0, 0, 0],
    &[0, 0, 0, 0, 0, 0, 0, 0, 0, 0, 0, 0, 0, 0, 0, 0, 0],
    &[0, 0, 0, 0, 0, 0, 0, 0, 0, 0, 0, 0, 0, 0, 0, 0, 0],
    &[0, 0, 0, 0, 0, 0, 0, 0, 0, 0, 0, 0, 0, 0, 0, 0, 0],
    &[0, 0, 0, 0, 0, 0, 0, 0, 0, 110, 174, 174, 56, 0, 0, 0, 0],
    &[0, 0, 0, 0, 0, 0, 0, 0, 36, 249, 255, 175, 1, 0, 0, 0, 0],
    &[0, 0, 0, 0, 0, 0, 0, 0, 189, 255, 195, 10, 0, 0, 0, 0, 0],
    &[0, 0, 0, 0, 0, 0, 0, 107, 255, 197, 15, 0, 0, 0, 0, 0, 0],
    &[0, 0, 0, 0, 0, 0, 0, 154, 141, 8, 0, 0, 0, 0, 0, 0, 0],
    &[0, 0, 0, 0, 0, 0, 0, 0, 0, 0, 0, 0, 0, 0, 0, 0, 0],
    &[0, 0, 49, 120, 120, 120, 120, 120, 120, 90, 0, 0, 0, 0, 0, 0, 0],
    &[0, 0, 104, 255, 255, 255, 255, 255, 255, 191, 0, 0, 0, 0, 0, 0, 0],
    &[0, 0, 22, 68, 87, 106, 125, 218, 255, 191, 0, 0, 0, 0, 0, 0, 0],
    &[0, 0, 0, 0, 0, 0, 0, 174, 255, 191, 0, 0, 0, 0, 0, 0, 0],
    &[0, 0, 0, 0, 0, 0, 0, 174, 255, 191, 0, 0, 0, 0, 0, 0, 0],
    &[0, 0, 0, 0, 0, 0, 0, 174, 255, 191, 0, 0, 0, 0, 0, 0, 0],
    &[0, 0, 0, 0, 0, 0, 0, 174, 255, 191, 0, 0, 0, 0, 0, 0, 0],
    &[0, 0, 0, 0, 0, 0, 0, 174, 255, 191, 0, 0, 0, 0, 0, 0, 0],
    &[0, 0, 0, 0, 0, 0, 0, 174, 255, 191, 0, 0, 0, 0, 0, 0, 0],
    &[0, 0, 0, 0, 0, 0, 0, 174, 255, 191, 0, 0, 0, 0, 0, 0, 0],
    &[0, 0, 0, 0, 0, 0, 0, 174, 255, 191, 0, 0, 0, 0, 0, 0, 0],
    &[0, 0, 0, 0, 0, 0, 0, 174, 255, 191, 0, 0, 0, 0, 0, 0, 0],
    &[0, 0, 0, 0, 0, 0, 0, 175, 255, 192, 0, 0, 0, 0, 0, 0, 0],
    &[0, 0, 140, 185, 205, 225, 245, 255, 255, 255, 246, 224, 203, 181, 95, 0, 0],
    &[0, 0, 214, 255, 255, 255, 255, 255, 255, 255, 255, 255, 255, 255, 148, 0, 0],
    &[0, 0, 0, 0, 0, 0, 0, 0, 0, 0, 0, 0, 0, 0, 0, 0, 0],
    &[0, 0, 0, 0, 0, 0, 0, 0, 0, 0, 0, 0, 0, 0, 0, 0, 0],
    &[0, 0, 0, 0, 0, 0, 0, 0, 0, 0, 0, 0, 0, 0, 0, 0, 0],
    &[0, 0, 0, 0, 0, 0, 0, 0, 0, 0, 0, 0, 0, 0, 0, 0, 0],
    &[0, 0, 0, 0, 0, 0, 0, 0, 0, 0, 0, 0, 0, 0, 0, 0, 0],
    &[0, 0, 0, 0, 0, 0, 0, 0, 0, 0, 0, 0, 0, 0, 0, 0, 0],
    &[0, 0, 0, 0, 0, 0, 0, 0, 0, 0, 0, 0, 0, 0, 0, 0, 0],
]