&[
    &[0, 0, 0, 0, 0, 0, 0, 0, 0, 0, 0, 0],
    &[0, 0, 0, 0, 0, 0, 0, 0, 0, 0, 0, 0],
    &[0, 0, 0, 0, 0, 0, 0, 0, 0, 0, 0, 0],
    &[0, 0, 0, 0, 0, 0, 126, 141, 140, 21, 0, 0],
    &[0, 0, 0, 0, 0, 99, 255, 254, 107, 0, 0, 0],
    &[0, 0, 0, 0, 34, 242, 250, 94, 0, 0, 0, 0],
    &[0, 0, 0, 0, 70, 124, 61, 0, 0, 0, 0, 0],
    &[0, 33, 95, 95, 95, 95, 95, 33, 0, 0, 0, 0],
    &[0, 88, 255, 255, 255, 255, 255, 90, 0, 0, 0, 0],
    &[0, 53, 172, 201, 236, 255, 255, 90, 0, 0, 0, 0],
    &[0, 0, 0, 0, 102, 255, 255, 90, 0, 0, 0, 0],
    &[0, 0, 0, 0, 102, 255, 255, 90, 0, 0, 0, 0],
    &[0, 0, 0, 0, 102, 255, 255, 90, 0, 0, 0, 0],
    &[0, 0, 0, 0, 102, 255, 255, 90, 0, 0, 0, 0],
    &[0, 0, 0, 0, 102, 255, 255, 90, 0, 0, 0, 0],
    &[0, 0, 0, 25, 138, 255, 255, 126, 18, 0, 0, 0],
    &[0, 171, 238, 255, 255, 255, 255, 255, 255, 226, 86, 0],
    &[0, 220, 255, 255, 255, 255, 255, 255, 255, 255, 115, 0],
    &[0, 0, 0, 0, 0, 0, 0, 0, 0, 0, 0, 0],
    &[0, 0, 0, 0, 0, 0, 0, 0, 0, 0, 0, 0],
    &[0, 0, 0, 0, 0, 0, 0, 0, 0, 0, 0, 0],
    &[0, 0, 0, 0, 0, 0, 0, 0, 0, 0, 0, 0],
]