&[
    &[0, 0, 0, 0, 0, 0, 0, 0, 0, 0, 0, 0, 0, 0, 0, 0, 0],
    &[0, 0, 0, 0, 0, 0, 0, 0, 0, 0, 0, 0, 0, 0, 0, 0, 0],
    &[0, 0, 0, 0, 0, 0, 0, 0, 0, 0, 0, 0, 0, 0, 0, 0, 0],
    &[0, 0, 0, 0, 0, 0, 0, 0, 0, 0, 0, 0, 0, 0, 0, 0, 0],
    &[0, 0, 0, 0, 0, 0, 0, 0, 52, 174, 174, 174, 166, 15, 0, 0, 0],
    &[0, 0, 0, 0, 0, 0, 0, 4, 205, 255, 255, 250, 76, 0, 0, 0, 0],
    &[0, 0, 0, 0, 0, 0, 0, 125, 255, 255, 245, 72, 0, 0, 0, 0, 0],
    &[0, 0, 0, 0, 0, 0, 54, 251, 255, 235, 58, 0, 0, 0, 0, 0, 0],
    &[0, 0, 0, 0, 0, 0, 116, 163, 160, 36, 0, 0, 0, 0, 0, 0, 0],
    &[0, 0, 0, 0, 0, 0, 0, 0, 0, 0, 0, 0, 0, 0, 0, 0, 0],
    &[0, 0, 123, 189, 189, 189, 189, 189, 189, 189, 85, 0, 0, 0, 0, 0, 0],
    &[0, 0, 166, 255, 255, 255, 255, 255, 255, 255, 114, 0, 0, 0, 0, 0, 0],
    &[0, 0, 166, 255, 255, 255, 255, 255, 255, 255, 114, 0, 0, 0, 0, 0, 0],
    &[0, 0, 12, 42, 70, 98, 183, 255, 255, 255, 114, 0, 0, 0, 0, 0, 0],
    &[0, 0, 0, 0, 0, 0, 119, 255, 255, 255, 114, 0, 0, 0, 0, 0, 0],
    &[0, 0, 0, 0, 0, 0, 119, 255, 255, 255, 114, 0, 0, 0, 0, 0, 0],
    &[0, 0, 0, 0, 0, 0, 119, 255, 255, 255, 114, 0, 0, 0, 0, 0, 0],
    &[0, 0, 0, 0, 0, 0, 119, 255, 255, 255, 114, 0, 0, 0, 0, 0, 0],
    &[0, 0, 0, 0, 0, 0, 119, 255, 255, 255, 114, 0, 0, 0, 0, 0, 0],
    &[0, 0, 0, 0, 0, 0, 119, 255, 255, 255, 114, 0, 0, 0, 0, 0, 0],
    &[0, 0, 0, 0, 0, 0, 119, 255, 255, 255, 114, 0, 0, 0, 0, 0, 0],
    &[0, 0, 0, 0, 0, 17, 146, 255, 255, 255, 141, 13, 0, 0, 0, 0, 0],
    &[0, 44, 147, 189, 231, 255, 255, 255, 255, 255, 255, 254, 220, 173, 110, 0, 0],
    &[0, 97, 255, 255, 255, 255, 255, 255, 255, 255, 255, 255, 255, 255, 217, 0, 0],
    &[0, 97, 255, 255, 255, 255, 255, 255, 255, 255, 255, 255, 255, 255, 217, 0, 0],
    &[0, 0, 0, 0, 0, 0, 0, 0, 0, 0, 0, 0, 0, 0, 0, 0, 0],
    &[0, 0, 0, 0, 0, 0, 0, 0, 0, 0, 0, 0, 0, 0, 0, 0, 0],
    &[0, 0, 0, 0, 0, 0, 0, 0, 0, 0, 0, 0, 0, 0, 0, 0, 0],
    &[0, 0, 0, 0, 0, 0, 0, 0, 0, 0, 0, 0, 0, 0, 0, 0, 0],
    &[0, 0, 0, 0, 0, 0, 0, 0, 0, 0, 0, 0, 0, 0, 0, 0, 0],
    &[0, 0, 0, 0, 0, 0, 0, 0, 0, 0, 0, 0, 0, 0, 0, 0, 0],
    &[0, 0, 0, 0, 0, 0, 0, 0, 0, 0, 0, 0, 0, 0, 0, 0, 0],
]