&[
    &[0, 0, 0, 0, 0, 0, 0, 0, 0, 0],
    &[0, 0, 0, 0, 0, 0, 0, 0, 0, 0],
    &[0, 0, 0, 29, 65, 65, 4, 0, 0, 0],
    &[0, 0, 9, 212, 255, 255, 125, 0, 0, 0],
    &[0, 0, 160, 245, 75, 160, 252, 66, 0, 0],
    &[0, 8, 77, 37, 0, 0, 67, 55, 0, 0],
    &[0, 114, 188, 188, 188, 188, 36, 0, 0, 0],
    &[0, 147, 255, 255, 255, 255, 49, 0, 0, 0],
    &[0, 0, 9, 63, 255, 255, 49, 0, 0, 0],
    &[0, 0, 0, 32, 255, 255, 49, 0, 0, 0],
    &[0, 0, 0, 32, 255, 255, 49, 0, 0, 0],
    &[0, 0, 0, 32, 255, 255, 49, 0, 0, 0],
    &[0, 0, 0, 32, 255, 255, 49, 0, 0, 0],
    &[4, 135, 177, 222, 255, 255, 223, 173, 105, 0],
    &[10, 255, 255, 255, 255, 255, 255, 255, 204, 0],
    &[0, 0, 0, 0, 0, 0, 0, 0, 0, 0],
    &[0, 0, 0, 0, 0, 0, 0, 0, 0, 0],
    &[0, 0, 0, 0, 0, 0, 0, 0, 0, 0],
]