&[
    &[0, 0, 0, 0, 0, 0, 0, 0, 0, 0, 0, 0, 0, 0, 0, 0, 0],
    &[0, 0, 0, 0, 0, 0, 0, 0, 0, 0, 0, 0, 0, 0, 0, 0, 0],
    &[0, 0, 0, 0, 0, 0, 0, 0, 0, 0, 0, 0, 0, 0, 0, 0, 0],
    &[0, 0, 0, 0, 0, 0, 0, 0, 0, 0, 0, 0, 0, 0, 0, 0, 0],
    &[0, 0, 0, 0, 0, 19, 171, 174, 174, 174, 56, 0, 0, 0, 0, 0, 0],
    &[0, 0, 0, 0, 0, 163, 255, 255, 255, 255, 215, 9, 0, 0, 0, 0, 0],
    &[0, 0, 0, 0, 96, 255, 255, 218, 189, 255, 255, 158, 0, 0, 0, 0, 0],
    &[0, 0, 0, 54, 246, 255, 212, 26, 8, 178, 255, 255, 103, 0, 0, 0, 0],
    &[0, 0, 0, 128, 163, 143, 13, 0, 0, 2, 118, 163, 157, 3, 0, 0, 0],
    &[0, 0, 0, 0, 0, 0, 0, 0, 0, 0, 0, 0, 0, 0, 0, 0, 0],
    &[0, 0, 123, 189, 189, 189, 189, 189, 189, 189, 85, 0, 0, 0, 0, 0, 0],
    &[0, 0, 166, 255, 255, 255, 255, 255, 255, 255, 114, 0, 0, 0, 0, 0, 0],
    &[0, 0, 166, 255, 255, 255, 255, 255, 255, 255, 114, 0, 0, 0, 0, 0, 0],
    &[0, 0, 12, 42, 70, 98, 183, 255, 255, 255, 114, 0, 0, 0, 0, 0, 0],
    &[0, 0, 0, 0, 0, 0, 119, 255, 255, 255, 114, 0, 0, 0, 0, 0, 0],
    &[0, 0, 0, 0, 0, 0, 119, 255, 255, 255, 114, 0, 0, 0, 0, 0, 0],
    &[0, 0, 0, 0, 0, 0, 119, 255, 255, 255, 114, 0, 0, 0, 0, 0, 0],
    &[0, 0, 0, 0, 0, 0, 119, 255, 255, 255, 114, 0, 0, 0, 0, 0, 0],
    &[0, 0, 0, 0, 0, 0, 119, 255, 255, 255, 114, 0, 0, 0, 0, 0, 0],
    &[0, 0, 0, 0, 0, 0, 119, 255, 255, 255, 114, 0, 0, 0, 0, 0, 0],
    &[0, 0, 0, 0, 0, 0, 119, 255, 255, 255, 114, 0, 0, 0, 0, 0, 0],
    &[0, 0, 0, 0, 0, 17, 146, 255, 255, 255, 141, 13, 0, 0, 0, 0, 0],
    &[0, 44, 147, 189, 231, 255, 255, 255, 255, 255, 255, 254, 220, 173, 110, 0, 0],
    &[0, 97, 255, 255, 255, 255, 255, 255, 255, 255, 255, 255, 255, 255, 217, 0, 0],
    &[0, 97, 255, 255, 255, 255, 255, 255, 255, 255, 255, 255, 255, 255, 217, 0, 0],
    &[0, 0, 0, 0, 0, 0, 0, 0, 0, 0, 0, 0, 0, 0, 0, 0, 0],
    &[0, 0, 0, 0, 0, 0, 0, 0, 0, 0, 0, 0, 0, 0, 0, 0, 0],
    &[0, 0, 0, 0, 0, 0, 0, 0, 0, 0, 0, 0, 0, 0, 0, 0, 0],
    &[0, 0, 0, 0, 0, 0, 0, 0, 0, 0, 0, 0, 0, 0, 0, 0, 0],
    &[0, 0, 0, 0, 0, 0, 0, 0, 0, 0, 0, 0, 0, 0, 0, 0, 0],
    &[0, 0, 0, 0, 0, 0, 0, 0, 0, 0, 0, 0, 0, 0, 0, 0, 0],
    &[0, 0, 0, 0, 0, 0, 0, 0, 0, 0, 0, 0, 0, 0, 0, 0, 0],
]