&[
    &[0, 0, 0, 0, 0, 0, 0, 0, 0, 0],
    &[0, 0, 0, 0, 0, 0, 0, 0, 0, 0],
    &[0, 0, 6, 2, 0, 0, 9, 0, 0, 0],
    &[0, 25, 239, 220, 3, 82, 251, 159, 0, 0],
    &[0, 20, 250, 237, 6, 83, 255, 178, 0, 0],
    &[0, 0, 25, 15, 0, 0, 35, 4, 0, 0],
    &[0, 114, 188, 188, 188, 188, 36, 0, 0, 0],
    &[0, 147, 255, 255, 255, 255, 49, 0, 0, 0],
    &[0, 0, 9, 63, 255, 255, 49, 0, 0, 0],
    &[0, 0, 0, 32, 255, 255, 49, 0, 0, 0],
    &[0, 0, 0, 32, 255, 255, 49, 0, 0, 0],
    &[0, 0, 0, 32, 255, 255, 49, 0, 0, 0],
    &[0, 0, 0, 32, 255, 255, 49, 0, 0, 0],
    &[4, 135, 177, 222, 255, 255, 223, 173, 105, 0],
    &[10, 255, 255, 255, 255, 255, 255, 255, 204, 0],
    &[0, 0, 0, 0, 0, 0, 0, 0, 0, 0],
    &[0, 0, 0, 0, 0, 0, 0, 0, 0, 0],
    &[0, 0, 0, 0, 0, 0, 0, 0, 0, 0],
]