&[
    &[0, 0, 0, 0, 0, 0, 0, 0, 0, 0, 0, 0, 0],
    &[0, 0, 0, 0, 0, 0, 0, 0, 0, 0, 0, 0, 0],
    &[0, 0, 0, 0, 0, 0, 0, 0, 0, 0, 0, 0, 0],
    &[0, 0, 0, 0, 0, 0, 0, 0, 0, 0, 0, 0, 0],
    &[0, 0, 0, 15, 24, 0, 0, 0, 36, 1, 0, 0, 0],
    &[0, 0, 0, 172, 215, 0, 0, 55, 255, 75, 0, 0, 0],
    &[0, 0, 0, 86, 115, 0, 0, 18, 154, 28, 0, 0, 0],
    &[0, 0, 0, 0, 0, 0, 0, 0, 0, 0, 0, 0, 0],
    &[0, 0, 33, 44, 44, 44, 44, 12, 0, 0, 0, 0, 0],
    &[0, 0, 136, 192, 204, 217, 253, 73, 0, 0, 0, 0, 0],
    &[0, 0, 0, 0, 0, 0, 238, 73, 0, 0, 0, 0, 0],
    &[0, 0, 0, 0, 0, 0, 238, 73, 0, 0, 0, 0, 0],
    &[0, 0, 0, 0, 0, 0, 238, 73, 0, 0, 0, 0, 0],
    &[0, 0, 0, 0, 0, 0, 238, 73, 0, 0, 0, 0, 0],
    &[0, 0, 0, 0, 0, 0, 238, 73, 0, 0, 0, 0, 0],
    &[0, 0, 0, 0, 0, 0, 238, 73, 0, 0, 0, 0, 0],
    &[0, 0, 0, 0, 0, 0, 238, 73, 0, 0, 0, 0, 0],
    &[0, 0, 0, 0, 0, 0, 238, 73, 0, 0, 0, 0, 0],
    &[0, 0, 0, 0, 0, 6, 239, 79, 0, 0, 0, 0, 0],
    &[0, 24, 227, 238, 250, 255, 255, 255, 253, 241, 229, 52, 0],
    &[0, 0, 0, 0, 0, 0, 0, 0, 0, 0, 0, 0, 0],
    &[0, 0, 0, 0, 0, 0, 0, 0, 0, 0, 0, 0, 0],
    &[0, 0, 0, 0, 0, 0, 0, 0, 0, 0, 0, 0, 0],
    &[0, 0, 0, 0, 0, 0, 0, 0, 0, 0, 0, 0, 0],
]