&[
    &[0, 0, 0, 0, 0, 0, 0, 0, 0, 0, 0, 0, 0, 0, 0, 0, 0, 0, 0, 0, 0, 0, 0, 0, 0, 0, 0, 0, 0, 0, 0, 0, 0],
    &[0, 0, 0, 0, 0, 0, 0, 0, 0, 0, 0, 0, 0, 0, 0, 0, 0, 0, 0, 0, 0, 0, 0, 0, 0, 0, 0, 0, 0, 0, 0, 0, 0],
    &[0, 0, 0, 0, 0, 0, 0, 0, 0, 0, 0, 0, 0, 0, 0, 0, 0, 0, 0, 0, 0, 0, 0, 0, 0, 0, 0, 0, 0, 0, 0, 0, 0],
    &[0, 0, 0, 0, 0, 0, 0, 0, 0, 0, 0, 0, 0, 0, 0, 0, 0, 0, 0, 0, 0, 0, 0, 0, 0, 0, 0, 0, 0, 0, 0, 0, 0],
    &[0, 0, 0, 0, 0, 0, 0, 0, 0, 0, 0, 0, 0, 0, 0, 0, 0, 0, 0, 0, 0, 0, 0, 0, 0, 0, 0, 0, 0, 0, 0, 0, 0],
    &[0, 0, 0, 0, 0, 0, 0, 0, 0, 0, 0, 0, 0, 0, 0, 0, 0, 0, 0, 0, 0, 0, 0, 0, 0, 0, 0, 0, 0, 0, 0, 0, 0],
    &[0, 0, 0, 0, 0, 0, 0, 0, 0, 0, 0, 0, 0, 0, 0, 0, 0, 0, 0, 0, 0, 0, 0, 0, 0, 0, 0, 0, 0, 0, 0, 0, 0],
    &[0, 0, 0, 0, 0, 0, 0, 0, 0, 0, 0, 0, 0, 0, 0, 0, 0, 0, 0, 0, 0, 0, 0, 0, 0, 0, 0, 0, 0, 0, 0, 0, 0],
    &[0, 0, 0, 0, 0, 0, 0, 0, 0, 0, 0, 0, 0, 0, 0, 0, 0, 0, 1, 90, 93, 93, 93, 93, 78, 0, 0, 0, 0, 0, 0, 0, 0],
    &[0, 0, 0, 0, 0, 0, 0, 0, 0, 0, 0, 0, 0, 0, 0, 0, 0, 0, 95, 255, 255, 255, 255, 255, 145, 0, 0, 0, 0, 0, 0, 0, 0],
    &[0, 0, 0, 0, 0, 0, 0, 0, 0, 0, 0, 0, 0, 0, 0, 0, 0, 11, 229, 255, 255, 255, 255, 195, 5, 0, 0, 0, 0, 0, 0, 0, 0],
    &[0, 0, 0, 0, 0, 0, 0, 0, 0, 0, 0, 0, 0, 0, 0, 0, 0, 133, 255, 255, 255, 255, 227, 24, 0, 0, 0, 0, 0, 0, 0, 0, 0],
    &[0, 0, 0, 0, 0, 0, 0, 0, 0, 0, 0, 0, 0, 0, 0, 0, 46, 250, 255, 255, 255, 235, 40, 0, 0, 0, 0, 0, 0, 0, 0, 0, 0],
    &[0, 0, 0, 0, 0, 0, 0, 0, 0, 0, 0, 0, 0, 0, 0, 3, 203, 255, 255, 255, 241, 50, 0, 0, 0, 0, 0, 0, 0, 0, 0, 0, 0],
    &[0, 0, 0, 0, 0, 0, 0, 0, 0, 0, 0, 0, 0, 0, 0, 122, 255, 255, 255, 244, 61, 0, 0, 0, 0, 0, 0, 0, 0, 0, 0, 0, 0],
    &[0, 0, 0, 0, 0, 0, 0, 0, 0, 0, 0, 0, 0, 0, 55, 251, 255, 255, 233, 53, 0, 0, 0, 0, 0, 0, 0, 0, 0, 0, 0, 0, 0],
    &[0, 0, 0, 0, 0, 0, 0, 0, 0, 0, 0, 0, 0, 1, 221, 255, 255, 219, 35, 0, 0, 0, 0, 0, 0, 0, 0, 0, 0, 0, 0, 0, 0],
    &[0, 0, 0, 0, 0, 0, 0, 0, 0, 0, 0, 0, 0, 0, 70, 70, 70, 19, 0, 0, 0, 0, 0, 0, 0, 0, 0, 0, 0, 0, 0, 0, 0],
    &[0, 0, 0, 0, 0, 0, 0, 0, 0, 0, 0, 0, 0, 0, 0, 0, 0, 0, 0, 0, 0, 0, 0, 0, 0, 0, 0, 0, 0, 0, 0, 0, 0],
    &[0, 0, 0, 0, 0, 0, 0, 0, 0, 0, 0, 0, 0, 0, 0, 0, 0, 0, 0, 0, 0, 0, 0, 0, 0, 0, 0, 0, 0, 0, 0, 0, 0],
    &[0, 0, 0, 0, 0, 0, 0, 0, 0, 0, 0, 0, 16, 63, 100, 115, 117, 103, 71, 25, 0, 0, 0, 0, 0, 0, 0, 0, 0, 0, 0, 0, 0],
    &[0, 0, 0, 0, 0, 0, 0, 0, 0, 5, 97, 192, 252, 255, 255, 255, 255, 255, 255, 255, 209, 121, 17, 0, 0, 0, 0, 0, 0, 0, 0, 0, 0],
    &[0, 0, 0, 0, 0, 0, 0, 0, 72, 224, 255, 255, 255, 255, 255, 255, 255, 255, 255, 255, 255, 255, 243, 114, 2, 0, 0, 0, 0, 0, 0, 0, 0],
    &[0, 0, 0, 0, 0, 0, 0, 131, 255, 255, 255, 255, 255, 255, 255, 255, 255, 255, 255, 255, 255, 255, 255, 255, 187, 13, 0, 0, 0, 0, 0, 0, 0],
    &[0, 0, 0, 0, 0, 0, 135, 255, 255, 255, 255, 255, 255, 219, 157, 132, 129, 161, 198, 254, 255, 255, 255, 255, 255, 200, 9, 0, 0, 0, 0, 0, 0],
    &[0, 0, 0, 0, 0, 84, 255, 255, 255, 255, 255, 204, 55, 0, 0, 0, 0, 0, 0, 42, 163, 255, 255, 255, 255, 255, 162, 0, 0, 0, 0, 0, 0],
    &[0, 0, 0, 0, 15, 231, 255, 255, 255, 255, 170, 3, 0, 0, 0, 0, 0, 0, 0, 0, 0, 116, 255, 255, 255, 255, 255, 73, 0, 0, 0, 0, 0],
    &[0, 0, 0, 0, 126, 255, 255, 255, 255, 204, 6, 0, 0, 0, 0, 0, 0, 0, 0, 0, 0, 0, 136, 255, 255, 255, 255, 212, 0, 0, 0, 0, 0],
    &[0, 0, 0, 4, 230, 255, 255, 255, 255, 60, 0, 0, 0, 0, 0, 0, 0, 0, 0, 0, 0, 0, 12, 234, 255, 255, 255, 255, 68, 0, 0, 0, 0],
    &[0, 0, 0, 62, 255, 255, 255, 255, 198, 0, 0, 0, 0, 0, 0, 0, 0, 0, 0, 0, 0, 0, 0, 117, 255, 255, 255, 255, 155, 0, 0, 0, 0],
    &[0, 0, 0, 131, 255, 255, 255, 255, 110, 0, 0, 0, 0, 0, 0, 0, 0, 0, 0, 0, 0, 0, 0, 41, 255, 255, 255, 255, 225, 0, 0, 0, 0],
    &[0, 0, 0, 179, 255, 255, 255, 255, 47, 0, 0, 0, 0, 0, 0, 0, 0, 0, 0, 0, 0, 0, 0, 0, 231, 255, 255, 255, 255, 20, 0, 0, 0],
    &[0, 0, 0, 217, 255, 255, 255, 250, 6, 0, 0, 0, 0, 0, 0, 0, 0, 0, 0, 0, 0, 0, 0, 0, 180, 255, 255, 255, 255, 58, 0, 0, 0],
    &[0, 0, 0, 241, 255, 255, 255, 225, 0, 0, 0, 0, 0, 0, 0, 0, 0, 0, 0, 0, 0, 0, 0, 0, 160, 255, 255, 255, 255, 85, 0, 0, 0],
    &[0, 0, 0, 252, 255, 255, 255, 211, 0, 0, 0, 0, 0, 0, 0, 0, 0, 0, 0, 0, 0, 0, 0, 0, 141, 255, 255, 255, 255, 97, 0, 0, 0],
    &[0, 0, 3, 255, 255, 255, 255, 202, 0, 0, 0, 0, 0, 0, 0, 0, 0, 0, 0, 0, 0, 0, 0, 0, 128, 255, 255, 255, 255, 106, 0, 0, 0],
    &[0, 0, 0, 244, 255, 255, 255, 218, 0, 0, 0, 0, 0, 0, 0, 0, 0, 0, 0, 0, 0, 0, 0, 0, 142, 255, 255, 255, 255, 93, 0, 0, 0],
    &[0, 0, 0, 226, 255, 255, 255, 237, 0, 0, 0, 0, 0, 0, 0, 0, 0, 0, 0, 0, 0, 0, 0, 0, 161, 255, 255, 255, 255, 75, 0, 0, 0],
    &[0, 0, 0, 208, 255, 255, 255, 253, 5, 0, 0, 0, 0, 0, 0, 0, 0, 0, 0, 0, 0, 0, 0, 0, 182, 255, 255, 255, 255, 57, 0, 0, 0],
    &[0, 0, 0, 168, 255, 255, 255, 255, 59, 0, 0, 0, 0, 0, 0, 0, 0, 0, 0, 0, 0, 0, 0, 1, 235, 255, 255, 255, 255, 22, 0, 0, 0],
    &[0, 0, 0, 106, 255, 255, 255, 255, 125, 0, 0, 0, 0, 0, 0, 0, 0, 0, 0, 0, 0, 0, 0, 45, 255, 255, 255, 255, 215, 0, 0, 0, 0],
    &[0, 0, 0, 44, 255, 255, 255, 255, 204, 0, 0, 0, 0, 0, 0, 0, 0, 0, 0, 0, 0, 0, 0, 122, 255, 255, 255, 255, 152, 0, 0, 0, 0],
    &[0, 0, 0, 1, 213, 255, 255, 255, 255, 79, 0, 0, 0, 0, 0, 0, 0, 0, 0, 0, 0, 0, 13, 236, 255, 255, 255, 255, 70, 0, 0, 0, 0],
    &[0, 0, 0, 0, 96, 255, 255, 255, 255, 213, 10, 0, 0, 0, 0, 0, 0, 0, 0, 0, 0, 0, 135, 255, 255, 255, 255, 208, 0, 0, 0, 0, 0],
    &[0, 0, 0, 0, 6, 224, 255, 255, 255, 255, 190, 10, 0, 0, 0, 0, 0, 0, 0, 0, 0, 108, 255, 255, 255, 255, 255, 88, 0, 0, 0, 0, 0],
    &[0, 0, 0, 0, 0, 59, 251, 255, 255, 255, 255, 204, 72, 0, 0, 0, 0, 0, 0, 30, 151, 254, 255, 255, 255, 255, 172, 0, 0, 0, 0, 0, 0],
    &[0, 0, 0, 0, 0, 0, 115, 255, 255, 255, 255, 255, 255, 210, 159, 126, 114, 146, 182, 250, 255, 255, 255, 255, 255, 221, 15, 0, 0, 0, 0, 0, 0],
    &[0, 0, 0, 0, 0, 0, 0, 107, 251, 255, 255, 255, 255, 255, 255, 255, 255, 255, 255, 255, 255, 255, 255, 255, 204, 26, 0, 0, 0, 0, 0, 0, 0],
    &[0, 0, 0, 0, 0, 0, 0, 0, 67, 214, 255, 255, 255, 255, 255, 255, 255, 255, 255, 255, 255, 255, 250, 151, 10, 0, 0, 0, 0, 0, 0, 0, 0],
    &[0, 0, 0, 0, 0, 0, 0, 0, 0, 2, 91, 192, 250, 255, 255, 255, 255, 255, 255, 255, 229, 153, 34, 0, 0, 0, 0, 0, 0, 0, 0, 0, 0],
    &[0, 0, 0, 0, 0, 0, 0, 0, 0, 0, 0, 0, 12, 71, 100, 121, 131, 111, 90, 44, 0, 0, 0, 0, 0, 0, 0, 0, 0, 0, 0, 0, 0],
    &[0, 0, 0, 0, 0, 0, 0, 0, 0, 0, 0, 0, 0, 0, 0, 0, 0, 0, 0, 0, 0, 0, 0, 0, 0, 0, 0, 0, 0, 0, 0, 0, 0],
    &[0, 0, 0, 0, 0, 0, 0, 0, 0, 0, 0, 0, 0, 0, 0, 0, 0, 0, 0, 0, 0, 0, 0, 0, 0, 0, 0, 0, 0, 0, 0, 0, 0],
    &[0, 0, 0, 0, 0, 0, 0, 0, 0, 0, 0, 0, 0, 0, 0, 0, 0, 0, 0, 0, 0, 0, 0, 0, 0, 0, 0, 0, 0, 0, 0, 0, 0],
    &[0, 0, 0, 0, 0, 0, 0, 0, 0, 0, 0, 0, 0, 0, 0, 0, 0, 0, 0, 0, 0, 0, 0, 0, 0, 0, 0, 0, 0, 0, 0, 0, 0],
    &[0, 0, 0, 0, 0, 0, 0, 0, 0, 0, 0, 0, 0, 0, 0, 0, 0, 0, 0, 0, 0, 0, 0, 0, 0, 0, 0, 0, 0, 0, 0, 0, 0],
    &[0, 0, 0, 0, 0, 0, 0, 0, 0, 0, 0, 0, 0, 0, 0, 0, 0, 0, 0, 0, 0, 0, 0, 0, 0, 0, 0, 0, 0, 0, 0, 0, 0],
    &[0, 0, 0, 0, 0, 0, 0, 0, 0, 0, 0, 0, 0, 0, 0, 0, 0, 0, 0, 0, 0, 0, 0, 0, 0, 0, 0, 0, 0, 0, 0, 0, 0],
    &[0, 0, 0, 0, 0, 0, 0, 0, 0, 0, 0, 0, 0, 0, 0, 0, 0, 0, 0, 0, 0, 0, 0, 0, 0, 0, 0, 0, 0, 0, 0, 0, 0],
    &[0, 0, 0, 0, 0, 0, 0, 0, 0, 0, 0, 0, 0, 0, 0, 0, 0, 0, 0, 0, 0, 0, 0, 0, 0, 0, 0, 0, 0, 0, 0, 0, 0],
    &[0, 0, 0, 0, 0, 0, 0, 0, 0, 0, 0, 0, 0, 0, 0, 0, 0, 0, 0, 0, 0, 0, 0, 0, 0, 0, 0, 0, 0, 0, 0, 0, 0],
    &[0, 0, 0, 0, 0, 0, 0, 0, 0, 0, 0, 0, 0, 0, 0, 0, 0, 0, 0, 0, 0, 0, 0, 0, 0, 0, 0, 0, 0, 0, 0, 0, 0],
    &[0, 0, 0, 0, 0, 0, 0, 0, 0, 0, 0, 0, 0, 0, 0, 0, 0, 0, 0, 0, 0, 0, 0, 0, 0, 0, 0, 0, 0, 0, 0, 0, 0],
    &[0, 0, 0, 0, 0, 0, 0, 0, 0, 0, 0, 0, 0, 0, 0, 0, 0, 0, 0, 0, 0, 0, 0, 0, 0, 0, 0, 0, 0, 0, 0, 0, 0],
]