&[
    &[0, 0, 0, 0, 0, 0, 0, 0, 0, 0, 0, 0, 0],
    &[0, 0, 0, 0, 0, 0, 0, 0, 0, 0, 0, 0, 0],
    &[0, 0, 0, 0, 0, 0, 0, 0, 0, 0, 0, 0, 0],
    &[0, 0, 0, 0, 0, 0, 0, 0, 0, 0, 0, 0, 0],
    &[0, 0, 0, 0, 0, 0, 0, 0, 0, 0, 0, 0, 0],
    &[0, 0, 0, 0, 0, 0, 0, 0, 0, 0, 0, 0, 0],
    &[0, 0, 0, 0, 0, 0, 0, 0, 0, 0, 0, 0, 0],
    &[0, 0, 0, 0, 0, 107, 169, 50, 0, 0, 0, 0, 0],
    &[0, 0, 0, 0, 15, 255, 255, 173, 0, 0, 0, 0, 0],
    &[0, 0, 0, 0, 5, 237, 255, 146, 0, 0, 0, 0, 0],
    &[0, 0, 0, 0, 0, 23, 70, 4, 0, 0, 0, 0, 0],
    &[0, 71, 134, 134, 134, 134, 134, 134, 134, 134, 134, 17, 0],
    &[0, 135, 255, 255, 255, 255, 255, 255, 255, 255, 255, 33, 0],
    &[0, 94, 179, 179, 179, 179, 179, 179, 179, 179, 179, 23, 0],
    &[0, 0, 0, 0, 0, 2, 27, 0, 0, 0, 0, 0, 0],
    &[0, 0, 0, 0, 2, 216, 255, 123, 0, 0, 0, 0, 0],
    &[0, 0, 0, 0, 17, 255, 255, 176, 0, 0, 0, 0, 0],
    &[0, 0, 0, 0, 0, 151, 217, 77, 0, 0, 0, 0, 0],
    &[0, 0, 0, 0, 0, 0, 0, 0, 0, 0, 0, 0, 0],
    &[0, 0, 0, 0, 0, 0, 0, 0, 0, 0, 0, 0, 0],
    &[0, 0, 0, 0, 0, 0, 0, 0, 0, 0, 0, 0, 0],
    &[0, 0, 0, 0, 0, 0, 0, 0, 0, 0, 0, 0, 0],
    &[0, 0, 0, 0, 0, 0, 0, 0, 0, 0, 0, 0, 0],
    &[0, 0, 0, 0, 0, 0, 0, 0, 0, 0, 0, 0, 0],
]