&[
    &[0, 0, 0, 0, 0, 0, 0, 0, 0, 0, 0, 0, 0, 0, 0, 0, 0],
    &[0, 0, 0, 0, 0, 0, 0, 0, 0, 0, 0, 0, 0, 0, 0, 0, 0],
    &[0, 0, 0, 0, 0, 0, 0, 0, 0, 0, 0, 0, 0, 0, 0, 0, 0],
    &[0, 0, 0, 0, 0, 0, 0, 0, 0, 0, 0, 0, 0, 0, 0, 0, 0],
    &[0, 0, 0, 0, 0, 0, 0, 0, 0, 0, 0, 0, 0, 0, 0, 0, 0],
    &[0, 0, 0, 0, 0, 0, 0, 0, 0, 0, 0, 0, 0, 0, 0, 0, 0],
    &[0, 0, 0, 0, 0, 0, 0, 0, 0, 0, 0, 0, 0, 0, 0, 0, 0],
    &[0, 0, 0, 0, 0, 0, 0, 0, 0, 0, 0, 0, 0, 0, 0, 0, 0],
    &[0, 0, 0, 0, 0, 0, 0, 72, 88, 8, 0, 0, 0, 0, 0, 0, 0],
    &[0, 0, 0, 0, 0, 0, 113, 255, 255, 171, 0, 0, 0, 0, 0, 0, 0],
    &[0, 0, 0, 0, 0, 0, 172, 255, 255, 230, 0, 0, 0, 0, 0, 0, 0],
    &[0, 0, 0, 0, 0, 0, 134, 255, 255, 192, 0, 0, 0, 0, 0, 0, 0],
    &[0, 0, 0, 0, 0, 0, 11, 125, 143, 30, 0, 0, 0, 0, 0, 0, 0],
    &[0, 0, 0, 0, 0, 0, 0, 0, 0, 0, 0, 0, 0, 0, 0, 0, 0],
    &[0, 27, 246, 246, 246, 246, 246, 246, 246, 246, 246, 246, 246, 246, 76, 0, 0],
    &[0, 28, 255, 255, 255, 255, 255, 255, 255, 255, 255, 255, 255, 255, 79, 0, 0],
    &[0, 25, 230, 230, 230, 230, 230, 230, 230, 230, 230, 230, 230, 230, 71, 0, 0],
    &[0, 0, 0, 0, 0, 0, 0, 0, 0, 0, 0, 0, 0, 0, 0, 0, 0],
    &[0, 0, 0, 0, 0, 0, 18, 143, 160, 42, 0, 0, 0, 0, 0, 0, 0],
    &[0, 0, 0, 0, 0, 0, 142, 255, 255, 200, 0, 0, 0, 0, 0, 0, 0],
    &[0, 0, 0, 0, 0, 0, 171, 255, 255, 229, 0, 0, 0, 0, 0, 0, 0],
    &[0, 0, 0, 0, 0, 0, 101, 255, 255, 159, 0, 0, 0, 0, 0, 0, 0],
    &[0, 0, 0, 0, 0, 0, 0, 60, 78, 4, 0, 0, 0, 0, 0, 0, 0],
    &[0, 0, 0, 0, 0, 0, 0, 0, 0, 0, 0, 0, 0, 0, 0, 0, 0],
    &[0, 0, 0, 0, 0, 0, 0, 0, 0, 0, 0, 0, 0, 0, 0, 0, 0],
    &[0, 0, 0, 0, 0, 0, 0, 0, 0, 0, 0, 0, 0, 0, 0, 0, 0],
    &[0, 0, 0, 0, 0, 0, 0, 0, 0, 0, 0, 0, 0, 0, 0, 0, 0],
    &[0, 0, 0, 0, 0, 0, 0, 0, 0, 0, 0, 0, 0, 0, 0, 0, 0],
    &[0, 0, 0, 0, 0, 0, 0, 0, 0, 0, 0, 0, 0, 0, 0, 0, 0],
    &[0, 0, 0, 0, 0, 0, 0, 0, 0, 0, 0, 0, 0, 0, 0, 0, 0],
    &[0, 0, 0, 0, 0, 0, 0, 0, 0, 0, 0, 0, 0, 0, 0, 0, 0],
    &[0, 0, 0, 0, 0, 0, 0, 0, 0, 0, 0, 0, 0, 0, 0, 0, 0],
]