&[
    &[0, 0, 0, 0, 0, 0, 0, 0, 0, 0, 0, 0, 0, 0],
    &[0, 0, 0, 0, 0, 0, 0, 0, 0, 0, 0, 0, 0, 0],
    &[0, 0, 0, 0, 0, 0, 0, 0, 0, 0, 0, 0, 0, 0],
    &[0, 0, 0, 0, 0, 0, 0, 0, 0, 0, 0, 0, 0, 0],
    &[0, 0, 0, 0, 0, 0, 0, 0, 0, 0, 0, 0, 0, 0],
    &[0, 0, 0, 135, 158, 158, 132, 0, 0, 0, 0, 0, 0, 0],
    &[0, 0, 0, 48, 236, 255, 255, 86, 0, 0, 0, 0, 0, 0],
    &[0, 0, 0, 0, 44, 229, 255, 235, 23, 0, 0, 0, 0, 0],
    &[0, 0, 0, 0, 0, 32, 212, 255, 181, 0, 0, 0, 0, 0],
    &[0, 0, 0, 0, 0, 0, 5, 15, 14, 0, 0, 0, 0, 0],
    &[0, 121, 142, 142, 69, 0, 0, 0, 0, 114, 142, 142, 76, 0],
    &[0, 217, 255, 255, 124, 0, 0, 0, 0, 204, 255, 255, 136, 0],
    &[0, 217, 255, 255, 124, 0, 0, 0, 0, 204, 255, 255, 136, 0],
    &[0, 217, 255, 255, 124, 0, 0, 0, 0, 204, 255, 255, 136, 0],
    &[0, 217, 255, 255, 124, 0, 0, 0, 0, 204, 255, 255, 136, 0],
    &[0, 217, 255, 255, 124, 0, 0, 0, 0, 204, 255, 255, 136, 0],
    &[0, 217, 255, 255, 124, 0, 0, 0, 0, 210, 255, 255, 136, 0],
    &[0, 217, 255, 255, 124, 0, 0, 0, 0, 234, 255, 255, 136, 0],
    &[0, 216, 255, 255, 142, 0, 0, 0, 13, 254, 255, 255, 136, 0],
    &[0, 200, 255, 255, 211, 4, 0, 0, 120, 255, 255, 255, 136, 0],
    &[0, 147, 255, 255, 255, 203, 145, 182, 254, 255, 255, 255, 136, 0],
    &[0, 39, 246, 255, 255, 255, 255, 255, 242, 178, 255, 255, 136, 0],
    &[0, 0, 66, 219, 255, 255, 255, 195, 54, 42, 255, 255, 136, 0],
    &[0, 0, 0, 0, 36, 50, 19, 0, 0, 0, 0, 0, 0, 0],
    &[0, 0, 0, 0, 0, 0, 0, 0, 0, 0, 0, 0, 0, 0],
    &[0, 0, 0, 0, 0, 0, 0, 0, 0, 0, 0, 0, 0, 0],
    &[0, 0, 0, 0, 0, 0, 0, 0, 0, 0, 0, 0, 0, 0],
    &[0, 0, 0, 0, 0, 0, 0, 0, 0, 0, 0, 0, 0, 0],
    &[0, 0, 0, 0, 0, 0, 0, 0, 0, 0, 0, 0, 0, 0],
    &[0, 0, 0, 0, 0, 0, 0, 0, 0, 0, 0, 0, 0, 0],
    &[0, 0, 0, 0, 0, 0, 0, 0, 0, 0, 0, 0, 0, 0],
    &[0, 0, 0, 0, 0, 0, 0, 0, 0, 0, 0, 0, 0, 0],
]