&[
    &[0, 0, 0, 0, 0, 0, 0, 0, 0, 0, 0, 0, 0, 0, 0, 0, 0, 0, 0, 0, 0, 0, 0, 0, 0, 0, 0, 0, 0, 0, 0, 0, 0],
    &[0, 0, 0, 0, 0, 0, 0, 0, 0, 0, 0, 0, 0, 0, 0, 0, 0, 0, 0, 0, 0, 0, 0, 0, 0, 0, 0, 0, 0, 0, 0, 0, 0],
    &[0, 0, 0, 0, 0, 0, 0, 0, 0, 0, 0, 0, 0, 0, 0, 0, 0, 0, 0, 0, 0, 0, 0, 0, 0, 0, 0, 0, 0, 0, 0, 0, 0],
    &[0, 0, 0, 0, 0, 0, 0, 0, 0, 0, 0, 0, 0, 0, 0, 0, 0, 0, 0, 0, 0, 0, 0, 0, 0, 0, 0, 0, 0, 0, 0, 0, 0],
    &[0, 0, 0, 0, 0, 0, 0, 0, 0, 0, 0, 0, 0, 0, 0, 0, 0, 0, 0, 0, 0, 0, 0, 0, 0, 0, 0, 0, 0, 0, 0, 0, 0],
    &[0, 0, 0, 0, 0, 0, 0, 0, 0, 0, 0, 0, 0, 0, 0, 0, 0, 0, 0, 0, 0, 0, 0, 0, 0, 0, 0, 0, 0, 0, 0, 0, 0],
    &[0, 0, 0, 0, 0, 0, 0, 0, 0, 0, 0, 0, 0, 0, 0, 0, 0, 0, 0, 0, 0, 0, 0, 0, 0, 0, 0, 0, 0, 0, 0, 0, 0],
    &[0, 0, 0, 0, 0, 0, 0, 0, 0, 0, 0, 0, 0, 0, 0, 0, 0, 0, 0, 0, 0, 0, 0, 0, 0, 0, 0, 0, 0, 0, 0, 0, 0],
    &[0, 0, 0, 0, 0, 0, 0, 0, 0, 0, 0, 0, 80, 93, 93, 93, 93, 93, 93, 93, 29, 0, 0, 0, 0, 0, 0, 0, 0, 0, 0, 0, 0],
    &[0, 0, 0, 0, 0, 0, 0, 0, 0, 0, 0, 76, 255, 255, 255, 255, 255, 255, 255, 255, 193, 1, 0, 0, 0, 0, 0, 0, 0, 0, 0, 0, 0],
    &[0, 0, 0, 0, 0, 0, 0, 0, 0, 0, 13, 226, 255, 255, 255, 255, 255, 255, 255, 255, 255, 107, 0, 0, 0, 0, 0, 0, 0, 0, 0, 0, 0],
    &[0, 0, 0, 0, 0, 0, 0, 0, 0, 0, 158, 255, 255, 255, 255, 255, 255, 255, 255, 255, 255, 243, 39, 0, 0, 0, 0, 0, 0, 0, 0, 0, 0],
    &[0, 0, 0, 0, 0, 0, 0, 0, 0, 96, 255, 255, 255, 255, 255, 255, 238, 255, 255, 255, 255, 255, 210, 9, 0, 0, 0, 0, 0, 0, 0, 0, 0],
    &[0, 0, 0, 0, 0, 0, 0, 0, 44, 245, 255, 255, 255, 255, 254, 109, 35, 226, 255, 255, 255, 255, 255, 158, 0, 0, 0, 0, 0, 0, 0, 0, 0],
    &[0, 0, 0, 0, 0, 0, 0, 18, 218, 255, 255, 255, 255, 254, 104, 0, 0, 32, 223, 255, 255, 255, 255, 255, 102, 0, 0, 0, 0, 0, 0, 0, 0],
    &[0, 0, 0, 0, 0, 0, 5, 192, 255, 255, 255, 255, 247, 92, 0, 0, 0, 0, 29, 205, 255, 255, 255, 255, 249, 60, 0, 0, 0, 0, 0, 0, 0],
    &[0, 0, 0, 0, 0, 0, 138, 255, 255, 255, 255, 226, 52, 0, 0, 0, 0, 0, 0, 8, 159, 255, 255, 255, 255, 232, 10, 0, 0, 0, 0, 0, 0],
    &[0, 0, 0, 0, 0, 0, 48, 70, 70, 70, 70, 20, 0, 0, 0, 0, 0, 0, 0, 0, 0, 59, 70, 70, 70, 70, 5, 0, 0, 0, 0, 0, 0],
    &[0, 0, 0, 0, 0, 0, 0, 0, 0, 0, 0, 0, 0, 0, 0, 0, 0, 0, 0, 0, 0, 0, 0, 0, 0, 0, 0, 0, 0, 0, 0, 0, 0],
    &[0, 0, 0, 0, 0, 0, 0, 0, 0, 0, 0, 0, 0, 0, 0, 0, 0, 0, 0, 0, 0, 0, 0, 0, 0, 0, 0, 0, 0, 0, 0, 0, 0],
    &[0, 0, 37, 123, 123, 123, 123, 123, 123, 123, 65, 0, 0, 0, 0, 0, 0, 0, 0, 0, 0, 49, 123, 123, 123, 123, 123, 123, 123, 53, 0, 0, 0],
    &[0, 0, 76, 255, 255, 255, 255, 255, 255, 255, 135, 0, 0, 0, 0, 0, 0, 0, 0, 0, 0, 102, 255, 255, 255, 255, 255, 255, 255, 110, 0, 0, 0],
    &[0, 0, 76, 255, 255, 255, 255, 255, 255, 255, 135, 0, 0, 0, 0, 0, 0, 0, 0, 0, 0, 102, 255, 255, 255, 255, 255, 255, 255, 110, 0, 0, 0],
    &[0, 0, 76, 255, 255, 255, 255, 255, 255, 255, 135, 0, 0, 0, 0, 0, 0, 0, 0, 0, 0, 102, 255, 255, 255, 255, 255, 255, 255, 110, 0, 0, 0],
    &[0, 0, 76, 255, 255, 255, 255, 255, 255, 255, 135, 0, 0, 0, 0, 0, 0, 0, 0, 0, 0, 102, 255, 255, 255, 255, 255, 255, 255, 110, 0, 0, 0],
    &[0, 0, 76, 255, 255, 255, 255, 255, 255, 255, 135, 0, 0, 0, 0, 0, 0, 0, 0, 0, 0, 102, 255, 255, 255, 255, 255, 255, 255, 110, 0, 0, 0],
    &[0, 0, 76, 255, 255, 255, 255, 255, 255, 255, 135, 0, 0, 0, 0, 0, 0, 0, 0, 0, 0, 102, 255, 255, 255, 255, 255, 255, 255, 110, 0, 0, 0],
    &[0, 0, 76, 255, 255, 255, 255, 255, 255, 255, 135, 0, 0, 0, 0, 0, 0, 0, 0, 0, 0, 102, 255, 255, 255, 255, 255, 255, 255, 110, 0, 0, 0],
    &[0, 0, 76, 255, 255, 255, 255, 255, 255, 255, 135, 0, 0, 0, 0, 0, 0, 0, 0, 0, 0, 102, 255, 255, 255, 255, 255, 255, 255, 110, 0, 0, 0],
    &[0, 0, 76, 255, 255, 255, 255, 255, 255, 255, 135, 0, 0, 0, 0, 0, 0, 0, 0, 0, 0, 102, 255, 255, 255, 255, 255, 255, 255, 110, 0, 0, 0],
    &[0, 0, 76, 255, 255, 255, 255, 255, 255, 255, 135, 0, 0, 0, 0, 0, 0, 0, 0, 0, 0, 102, 255, 255, 255, 255, 255, 255, 255, 110, 0, 0, 0],
    &[0, 0, 76, 255, 255, 255, 255, 255, 255, 255, 135, 0, 0, 0, 0, 0, 0, 0, 0, 0, 0, 102, 255, 255, 255, 255, 255, 255, 255, 110, 0, 0, 0],
    &[0, 0, 76, 255, 255, 255, 255, 255, 255, 255, 135, 0, 0, 0, 0, 0, 0, 0, 0, 0, 0, 102, 255, 255, 255, 255, 255, 255, 255, 110, 0, 0, 0],
    &[0, 0, 76, 255, 255, 255, 255, 255, 255, 255, 135, 0, 0, 0, 0, 0, 0, 0, 0, 0, 0, 102, 255, 255, 255, 255, 255, 255, 255, 110, 0, 0, 0],
    &[0, 0, 76, 255, 255, 255, 255, 255, 255, 255, 135, 0, 0, 0, 0, 0, 0, 0, 0, 0, 0, 104, 255, 255, 255, 255, 255, 255, 255, 110, 0, 0, 0],
    &[0, 0, 76, 255, 255, 255, 255, 255, 255, 255, 135, 0, 0, 0, 0, 0, 0, 0, 0, 0, 0, 115, 255, 255, 255, 255, 255, 255, 255, 110, 0, 0, 0],
    &[0, 0, 76, 255, 255, 255, 255, 255, 255, 255, 135, 0, 0, 0, 0, 0, 0, 0, 0, 0, 0, 127, 255, 255, 255, 255, 255, 255, 255, 110, 0, 0, 0],
    &[0, 0, 76, 255, 255, 255, 255, 255, 255, 255, 136, 0, 0, 0, 0, 0, 0, 0, 0, 0, 0, 150, 255, 255, 255, 255, 255, 255, 255, 110, 0, 0, 0],
    &[0, 0, 76, 255, 255, 255, 255, 255, 255, 255, 154, 0, 0, 0, 0, 0, 0, 0, 0, 0, 0, 192, 255, 255, 255, 255, 255, 255, 255, 110, 0, 0, 0],
    &[0, 0, 76, 255, 255, 255, 255, 255, 255, 255, 179, 0, 0, 0, 0, 0, 0, 0, 0, 0, 3, 237, 255, 255, 255, 255, 255, 255, 255, 110, 0, 0, 0],
    &[0, 0, 63, 255, 255, 255, 255, 255, 255, 255, 217, 0, 0, 0, 0, 0, 0, 0, 0, 0, 73, 255, 255, 255, 255, 255, 255, 255, 255, 110, 0, 0, 0],
    &[0, 0, 46, 255, 255, 255, 255, 255, 255, 255, 255, 54, 0, 0, 0, 0, 0, 0, 0, 1, 184, 255, 255, 255, 255, 255, 255, 255, 255, 110, 0, 0, 0],
    &[0, 0, 17, 254, 255, 255, 255, 255, 255, 255, 255, 182, 7, 0, 0, 0, 0, 0, 0, 125, 255, 255, 255, 255, 255, 255, 255, 255, 255, 110, 0, 0, 0],
    &[0, 0, 0, 215, 255, 255, 255, 255, 255, 255, 255, 255, 195, 68, 21, 1, 25, 68, 189, 255, 255, 255, 255, 255, 255, 255, 255, 255, 255, 110, 0, 0, 0],
    &[0, 0, 0, 146, 255, 255, 255, 255, 255, 255, 255, 255, 255, 255, 255, 249, 255, 255, 255, 255, 255, 255, 255, 255, 255, 255, 255, 255, 255, 110, 0, 0, 0],
    &[0, 0, 0, 38, 254, 255, 255, 255, 255, 255, 255, 255, 255, 255, 255, 255, 255, 255, 255, 255, 255, 255, 255, 255, 255, 255, 255, 255, 255, 110, 0, 0, 0],
    &[0, 0, 0, 0, 155, 255, 255, 255, 255, 255, 255, 255, 255, 255, 255, 255, 255, 255, 255, 255, 255, 146, 190, 255, 255, 255, 255, 255, 255, 110, 0, 0, 0],
    &[0, 0, 0, 0, 10, 209, 255, 255, 255, 255, 255, 255, 255, 255, 255, 255, 255, 255, 255, 255, 175, 3, 93, 255, 255, 255, 255, 255, 255, 110, 0, 0, 0],
    &[0, 0, 0, 0, 0, 16, 188, 255, 255, 255, 255, 255, 255, 255, 255, 255, 255, 255, 250, 133, 2, 0, 14, 247, 255, 255, 255, 255, 255, 110, 0, 0, 0],
    &[0, 0, 0, 0, 0, 0, 2, 90, 212, 255, 255, 255, 255, 255, 255, 255, 241, 155, 40, 0, 0, 0, 0, 174, 255, 255, 255, 255, 255, 110, 0, 0, 0],
    &[0, 0, 0, 0, 0, 0, 0, 0, 0, 31, 91, 115, 133, 123, 103, 55, 7, 0, 0, 0, 0, 0, 0, 0, 0, 0, 0, 0, 0, 0, 0, 0, 0],
    &[0, 0, 0, 0, 0, 0, 0, 0, 0, 0, 0, 0, 0, 0, 0, 0, 0, 0, 0, 0, 0, 0, 0, 0, 0, 0, 0, 0, 0, 0, 0, 0, 0],
    &[0, 0, 0, 0, 0, 0, 0, 0, 0, 0, 0, 0, 0, 0, 0, 0, 0, 0, 0, 0, 0, 0, 0, 0, 0, 0, 0, 0, 0, 0, 0, 0, 0],
    &[0, 0, 0, 0, 0, 0, 0, 0, 0, 0, 0, 0, 0, 0, 0, 0, 0, 0, 0, 0, 0, 0, 0, 0, 0, 0, 0, 0, 0, 0, 0, 0, 0],
    &[0, 0, 0, 0, 0, 0, 0, 0, 0, 0, 0, 0, 0, 0, 0, 0, 0, 0, 0, 0, 0, 0, 0, 0, 0, 0, 0, 0, 0, 0, 0, 0, 0],
    &[0, 0, 0, 0, 0, 0, 0, 0, 0, 0, 0, 0, 0, 0, 0, 0, 0, 0, 0, 0, 0, 0, 0, 0, 0, 0, 0, 0, 0, 0, 0, 0, 0],
    &[0, 0, 0, 0, 0, 0, 0, 0, 0, 0, 0, 0, 0, 0, 0, 0, 0, 0, 0, 0, 0, 0, 0, 0, 0, 0, 0, 0, 0, 0, 0, 0, 0],
    &[0, 0, 0, 0, 0, 0, 0, 0, 0, 0, 0, 0, 0, 0, 0, 0, 0, 0, 0, 0, 0, 0, 0, 0, 0, 0, 0, 0, 0, 0, 0, 0, 0],
    &[0, 0, 0, 0, 0, 0, 0, 0, 0, 0, 0, 0, 0, 0, 0, 0, 0, 0, 0, 0, 0, 0, 0, 0, 0, 0, 0, 0, 0, 0, 0, 0, 0],
    &[0, 0, 0, 0, 0, 0, 0, 0, 0, 0, 0, 0, 0, 0, 0, 0, 0, 0, 0, 0, 0, 0, 0, 0, 0, 0, 0, 0, 0, 0, 0, 0, 0],
    &[0, 0, 0, 0, 0, 0, 0, 0, 0, 0, 0, 0, 0, 0, 0, 0, 0, 0, 0, 0, 0, 0, 0, 0, 0, 0, 0, 0, 0, 0, 0, 0, 0],
    &[0, 0, 0, 0, 0, 0, 0, 0, 0, 0, 0, 0, 0, 0, 0, 0, 0, 0, 0, 0, 0, 0, 0, 0, 0, 0, 0, 0, 0, 0, 0, 0, 0],
    &[0, 0, 0, 0, 0, 0, 0, 0, 0, 0, 0, 0, 0, 0, 0, 0, 0, 0, 0, 0, 0, 0, 0, 0, 0, 0, 0, 0, 0, 0, 0, 0, 0],
    &[0, 0, 0, 0, 0, 0, 0, 0, 0, 0, 0, 0, 0, 0, 0, 0, 0, 0, 0, 0, 0, 0, 0, 0, 0, 0, 0, 0, 0, 0, 0, 0, 0],
]